"row_names","DATES","RETORNOS","VOLUMEN","DRAWDOWNS","PRECIO","DRAWUPS","MINIMOS","MAXIMOS","temp","drawmed","SCALE"
"2001-12-03",2001-12-03,0.106382978723404,790000,0,2600,0,0,0,0,1,1.62046231624492
"2001-12-04",2001-12-04,0.0576923076923077,20877200,0,2750,0.0545454545454546,2600,2750,1,0,1.92553095935139
"2001-12-05",2001-12-05,-0.0327272727272727,4296400,-0.0327272727272727,2660,0.0225563909774437,2600,2750,3,0,1.56357733617695
"2001-12-06",2001-12-06,0.0112781954887218,3028400,-0.0218181818181818,2690,0.033457249070632,2600,2750,0,1.48327137546468,1.68555874789664
"2001-12-07",2001-12-07,0.00371747211895911,1842400,-0.0181818181818183,2700,0.0370370370370371,2600,2750,0,1.10699588477366,1.7259181434916
"2001-12-10",2001-12-10,0.00740740740740741,1488800,-0.010909090909091,2720,0.0441176470588235,2600,2750,0,1.19117647058823,1.80619528425386
"2001-12-11",2001-12-11,0.0183823529411765,3855200,0,2770,0.0397111913357401,2660,2770,3,0,1.84256403595541
"2001-12-12",2001-12-12,-0.0036101083032491,1117000,-0.00361010830324915,2760,0.0362318840579711,2660,2770,8,0,1.80291346544056
"2001-12-13",2001-12-13,-0.0108695652173913,933400,-0.0144404332129966,2730,0.0256410256410257,2660,2770,0,-4,1.68310639103506
"2001-12-14",2001-12-14,-0.00549450549450549,905400,-0.0198555956678702,2715,0.0202578268876611,2660,2770,0,-1.37499999999999,1.62271196533959
"2001-12-17",2001-12-17,-0.0220994475138122,1090200,-0.0415162454873647,2655,0,2655,2760,11,-2.09090909090907,1.38826506382032
"2001-12-18",2001-12-18,-0.0207156308851224,1069400,-0.0613718411552346,2600,0,2600,2655,12,-1.47826086956522,1.27721420396507
"2001-12-19",2001-12-19,-0.0134615384615385,1023400,-0.0740072202166064,2565,0,2565,2600,13,-1.20588235294118,1.20654547496628
"2001-12-20",2001-12-20,0.0623781676413255,1643200,-0.0162454873646211,2725,0.0587155963302752,2565,2725,13,-0.219512195121953,1.85799445568175
"2001-12-21",2001-12-21,0.00917431192660551,1692600,-0.00722021660649819,2750,0.0672727272727273,0,2750,0,1.14573863636364,1.95633151188645
"2001-12-25",2001-12-25,0.00727272727272727,1186400,0,2770,0.0740072202166066,0,2770,0,1.10010732754415,2.03437915752356
"2001-12-26",2001-12-26,0.0433212996389892,3959400,0,2890,0.112456747404844,0,2890,0,1.51953751371424,2.24942448412591
"2001-12-27",2001-12-27,0.0155709342560554,3127400,0,2935,0.126064735945486,0,2935,0,1.12100642117678,2.32553294511678
"2001-12-28",2001-12-28,0,1466400,0,2935,0.126064735945486,0,2935,0,0,2.32553294511678
"2002-01-04",2002-01-04,0.0238500851788756,7801800,0,3005,0.146422628951747,0,3005,0,1.16148761073886,2.43939311637544
"2002-01-07",2002-01-07,-0.00665557404326123,1971600,-0.00665557404326123,2985,0.14070351758794,2565,3005,21,0,2.37018242746537
"2002-01-08",2002-01-08,-0.0067001675041876,1046000,-0.0133111480865225,2965,0.134907251264755,2565,3005,0,-2,2.30054021664459
"2002-01-09",2002-01-09,-0.00168634064080944,963000,-0.0149750415973379,2960,0.133445945945946,2565,3005,0,-1.12500000000001,2.28306121359408
"2002-01-10",2002-01-10,-0.00337837837837838,872800,-0.0183028286189684,2950,0.130508474576271,2565,3005,0,-1.22222222222221,2.24802009253138
"2002-01-11",2002-01-11,-0.0474576271186441,1445200,-0.0648918469217971,2810,0.0871886120996441,2565,3005,0,-3.54545454545455,1.74516645438353
"2002-01-15",2002-01-15,0.00177935943060498,867800,-0.0632279534109818,2815,0.088809946714032,2565,3005,0,1.01859571537318,1.76354048930179
"2002-01-16",2002-01-16,0.024866785079929,640600,-0.0399334442595675,2885,0.110918544194107,2565,3005,0,1.24894280762565,2.01747666507139
"2002-01-17",2002-01-17,0,458800,-0.0399334442595675,2885,0.110918544194107,2565,3005,0,-1,2.01747666507139
"2002-01-18",2002-01-18,0.00346620450606586,339000,-0.036605657237937,2895,0.113989637305699,2565,3005,0,1.0276878238342,2.05326512253152
"2002-01-21",2002-01-21,0.0172711571675302,592000,-0.0199667221297839,2945,0.129032258064516,2565,3005,0,1.13196480938416,2.23045769229522
"2002-01-22",2002-01-22,0.0135823429541596,728600,-0.00665557404326145,2985,0.14070351758794,2565,3005,0,1.09045226130653,2.37018242746537
"2002-01-23",2002-01-23,-0.0368509212730318,394000,-0.0432612312811982,2875,0.107826086956522,2565,3005,0,-6.49999999999982,1.98156871965425
"2002-01-24",2002-01-24,0.0295652173913043,538000,-0.014975041597338,2960,0.133445945945946,2565,3005,0,1.23760353095031,2.28306121359407
"2002-01-25",2002-01-25,-0.0202702702702703,337000,-0.0349417637271218,2900,0.11551724137931,2565,3005,0,-2.33333333333332,2.07111492955342
"2002-01-28",2002-01-28,-0.00172413793103448,317000,-0.036605657237937,2895,0.113989637305699,2565,3005,0,-1.04761904761904,2.05326512253152
"2002-01-29",2002-01-29,0.00172711571675302,242600,-0.0349417637271215,2900,0.11551724137931,2565,3005,0,1.0134012539185,2.07111492955342
"2002-01-30",2002-01-30,0.0120689655172414,463600,-0.0232945091514143,2935,0.126064735945486,2565,3005,0,1.09130666937883,2.19524849964147
"2002-02-01",2002-02-01,-0.00511073253833049,467400,-0.0282861896838603,2920,0.121575342465753,2565,3005,0,-1.21428571428572,2.14222156259987
"2002-02-04",2002-02-04,-0.0342465753424658,818600,-0.0615640599001663,2820,0.0904255319148937,2565,3005,0,-2.17647058823529,1.78188236818071
"2002-02-05",2002-02-05,-0.0407801418439716,983800,-0.0998336106489185,2705,0.0517560073937153,2565,3005,0,-1.62162162162162,1.35156788111552
"2002-02-06",2002-02-06,-0.00184842883548983,717400,-0.101497504159734,2700,0.05,2565,3005,0,-1.01666666666667,1.33244063142629
"2002-02-07",2002-02-07,-0.00925925925925926,560600,-0.10981697171381,2675,0.0411214953271029,2565,3005,0,-1.08196721311476,1.23625366048275
"2002-02-08",2002-02-08,0.00186915887850467,726800,-0.108153078202995,2680,0.042910447761194,2565,3005,0,1.04350407055631,1.255565169316
"2002-02-12",2002-02-12,0.042910447761194,469600,-0.069883527454243,2795,0.0822898032200358,2565,3005,0,1.91771019677996,1.68984968766596
"2002-02-13",2002-02-13,0.0143112701252236,353200,-0.0565723793677203,2835,0.0952380952380952,2565,3005,0,1.15734989648033,1.83671676995904
"2002-02-14",2002-02-14,-0.00529100529100529,302800,-0.0615640599001663,2820,0.0904255319148937,2565,3005,0,-1.08823529411765,1.78188236818071
"2002-02-15",2002-02-15,0.00531914893617021,258000,-0.0565723793677205,2835,0.0952380952380952,2565,3005,0,1.05322128851541,1.83671676995904
"2002-02-18",2002-02-18,0,130200,-0.0565723793677205,2835,0.0952380952380952,2565,3005,0,-1,1.83671676995904
"2002-02-19",2002-02-19,-0.00705467372134039,160800,-0.0632279534109818,2815,0.088809946714032,2565,3005,0,-1.11764705882353,1.76354048930179
"2002-02-20",2002-02-20,-0.00710479573712256,148400,-0.069883527454243,2795,0.0822898032200358,2565,3005,0,-1.10526315789474,1.68984968766596
"2002-02-21",2002-02-21,0.0196779964221825,329000,-0.0515806988352746,2850,0.1,2565,3005,0,1.21521739130435,1.89126784219717
"2002-02-22",2002-02-22,-0.00175438596491228,292200,-0.0532445923460898,2845,0.0984182776801406,2565,3005,0,-1.03225806451613,1.87311535587618
"2002-02-25",2002-02-25,0.00175746924428822,175000,-0.0515806988352744,2850,0.1,2565,3005,0,1.01607142857143,1.89126784219717
"2002-02-26",2002-02-26,0.0087719298245614,367000,-0.0432612312811979,2875,0.107826086956522,2565,3005,0,1.07826086956522,1.98156871965425
"2002-02-27",2002-02-27,0.00869565217391304,338200,-0.0349417637271214,2900,0.11551724137931,2565,3005,0,1.07132925472747,2.07111492955342
"2002-02-28",2002-02-28,0.00517241379310345,532600,-0.0299500831946753,2915,0.120068610634648,2565,3005,0,1.03939991295666,2.12448849246746
"2002-03-01",2002-03-01,0,377800,-0.0299500831946753,2915,0.120068610634648,2565,3005,0,-1,2.12448849246746
"2002-03-04",2002-03-04,0.0188679245283019,720400,-0.0116472545757069,2970,0.136363636363636,2565,3005,0,1.13571428571429,2.31799170127345
"2002-03-05",2002-03-05,0.126262626262626,4494200,0,3345,0.200298953662182,2675,3345,21,1.46885899352267,2.74071936641667
"2002-03-06",2002-03-06,-0.0269058295964126,1564400,-0.0269058295964125,3255,0.178187403993856,2675,3345,60,0,2.46656883443297
"2002-03-07",2002-03-07,0.0168970814132104,1375600,-0.0104633781763824,3310,0.191842900302115,2675,3345,0,1.07663558704032,2.63490440245188
"2002-03-08",2002-03-08,0.040785498489426,2401600,0,3445,0.0551523947750363,3255,3445,60,0,1.92892553060996
"2002-03-11",2002-03-11,0.0740203193033382,1508400,0,3700,0.12027027027027,0,3700,0,2.18068990042674,2.29312493246392
"2002-03-12",2002-03-12,-0.0405405405405405,612800,-0.0405405405405407,3550,0.0830985915492958,3255,3700,64,0,1.85848630894403
"2002-03-13",2002-03-13,-0.0140845070422535,627800,-0.0540540540540542,3500,0.07,3255,3700,0,-1.33333333333333,1.70964679794587
"2002-03-14",2002-03-14,0.0357142857142857,670800,-0.0202702702702703,3625,0.102068965517241,3255,3700,0,1.45812807881774,2.07795629397093
"2002-03-15",2002-03-15,0.0275862068965517,848800,0,3725,0.0604026845637584,3500,3725,64,0,1.95829000827558
"2002-03-18",2002-03-18,0.00402684563758389,1099400,0,3740,0.0641711229946524,0,3740,0,1.06238859180036,1.97936660225254
"2002-03-19",2002-03-19,0.00267379679144385,653200,0,3750,0.0666666666666667,0,3750,0,1.03888888888889,1.99332399115283
"2002-03-20",2002-03-20,0.0133333333333333,479600,0,3800,0.0789473684210527,0,3800,0,1.18421052631579,2.0620090365306
"2002-03-22",2002-03-22,-0.0368421052631579,335400,-0.0368421052631579,3660,0.0437158469945356,3500,3800,71,0,1.65890663906761
"2002-03-25",2002-03-25,-0.0286885245901639,473400,-0.0644736842105262,3555,0.0154711673699015,3500,3800,0,-1.75,1.34639490868644
"2002-03-26",2002-03-26,0,392200,-0.0644736842105262,3555,0.0154711673699015,3500,3800,0,-1,1.34639490868644
"2002-03-27",2002-03-27,0.0436005625879044,329800,-0.0236842105263159,3710,0.0566037735849056,3500,3800,0,3.65866209262437,1.80457896753386
"2002-03-28",2002-03-28,-0.0175202156334232,281000,-0.0407894736842105,3645,0.0397805212620027,3500,3800,0,-1.72222222222222,1.61481932089422
"2002-03-29",2002-03-29,-0.0123456790123457,236600,-0.0526315789473685,3600,0.0277777777777778,3500,3800,0,-1.29032258064516,1.48145686726609
"2002-04-01",2002-04-01,-0.0138888888888889,250800,-0.0657894736842105,3550,0.0140845070422535,3500,3800,0,-1.25,1.33128030929725
"2002-04-02",2002-04-02,0.00704225352112676,364000,-0.0592105263157896,3575,0.0209790209790209,3500,3800,0,1.48951048951049,1.40663636953314
"2002-04-03",2002-04-03,0.0167832167832168,306200,-0.043421052631579,3635,0.0371389270976616,3500,3800,0,1.77028885832188,1.58532685851655
"2002-04-04",2002-04-04,0.0247592847317744,755000,-0.0197368421052634,3725,0.0604026845637584,3500,3800,0,1.62639821029083,1.84790332820416
"2002-04-05",2002-04-05,-0.00805369127516779,359800,-0.0276315789473687,3695,0.0527740189445196,3500,3800,0,-1.4,1.76108210057406
"2002-04-08",2002-04-08,-0.0230040595399188,281200,-0.0500000000000002,3610,0.0304709141274239,3500,3800,0,-1.8095238095238,1.51123760122688
"2002-04-09",2002-04-09,-0.0152354570637119,250000,-0.0644736842105265,3555,0.0154711673699015,3500,3800,0,-1.28947368421053,1.34639490868644
"2002-04-10",2002-04-10,0,381600,-0.0644736842105265,3555,0.0154711673699015,3500,3800,0,-1,1.34639490868644
"2002-04-11",2002-04-11,-0.00562587904360056,353000,-0.0697368421052633,3535,0.00990099009900991,3500,3800,0,-1.08163265306122,1.28580487626602
"2002-04-12",2002-04-12,-0.0099009900990099,412600,-0.0789473684210528,3500,0,3500,3725,86,-1.13207547169811,1.17891559595923
"2002-04-15",2002-04-15,0.0128571428571429,153200,-0.0671052631578948,3545,0.0126939351198871,3500,3545,86,-0.849999999999999,1.31614383265169
"2002-04-16",2002-04-16,0.0253878702397743,266400,-0.043421052631579,3635,0.0371389270976616,0,3635,0,2.92572214580468,1.58532685851655
"2002-04-17",2002-04-17,0,343400,-0.043421052631579,3635,0.0371389270976616,0,3635,0,-1,1.58532685851655
"2002-04-18",2002-04-18,0.0178817056396149,414600,-0.0263157894736844,3700,0.0540540540540541,0,3700,0,1.45545545545545,1.77560035310205
"2002-04-19",2002-04-19,0,206400,-0.0263157894736844,3700,0.0540540540540541,0,3700,0,-1,1.77560035310205
"2002-04-22",2002-04-22,0.00945945945945946,406600,-0.017105263157895,3735,0.0629183400267738,0,3735,0,1.16398929049531,1.87669142485515
"2002-04-23",2002-04-23,0,260400,-0.017105263157895,3735,0.0629183400267738,0,3735,0,-1,1.87669142485515
"2002-04-24",2002-04-24,-0.00669344042838019,244000,-0.023684210526316,3710,0.0566037735849056,3500,3735,94,-1.38461538461538,1.80457896753386
"2002-04-25",2002-04-25,-0.00539083557951483,292200,-0.0289473684210527,3690,0.051490514905149,3500,3735,0,-1.22222222222222,1.74654444658124
"2002-04-26",2002-04-26,-0.021680216802168,365400,-0.0500000000000002,3610,0.0304709141274239,3500,3735,0,-1.72727272727273,1.51123760122688
"2002-04-30",2002-04-30,-0.00831024930747922,93400,-0.0578947368421054,3580,0.0223463687150838,3500,3735,0,-1.15789473684211,1.42164295504365
"2002-05-01",2002-05-01,0.0111731843575419,171800,-0.0473684210526316,3620,0.0331491712707183,3500,3735,0,1.48342541436464,1.54093511690065
"2002-05-02",2002-05-02,-0.00276243093922652,120000,-0.0500000000000002,3610,0.0304709141274239,3500,3735,0,-1.05555555555556,1.51123760122688
"2002-05-07",2002-05-07,-0.00692520775623269,139400,-0.0565789473684212,3585,0.0237099023709902,3500,3735,0,-1.13157894736842,1.43662820868944
"2002-05-08",2002-05-08,-0.00278940027894003,490600,-0.0592105263157897,3575,0.0209790209790209,3500,3735,0,-1.04651162790698,1.40663636953314
"2002-05-09",2002-05-09,0,324000,-0.0592105263157897,3575,0.0209790209790209,3500,3735,0,-1,1.40663636953314
"2002-05-10",2002-05-10,-0.0125874125874126,435600,-0.0710526315789475,3530,0.00849858356940514,3500,3735,0,-1.2,1.2706022095483
"2002-05-13",2002-05-13,-0.0382436260623229,395800,-0.106578947368421,3395,0,3395,3710,104,-1.5,1.02437424385924
"2002-05-14",2002-05-14,-0.0515463917525773,905400,-0.152631578947369,3220,0,3220,3395,105,-1.4320987654321,0.766805323692595
"2002-05-15",2002-05-15,-0.0046583850931677,867600,-0.156578947368421,3205,0,3205,3220,106,-1.02586206896552,0.744727987678311
"2002-05-16",2002-05-16,0.0327613104524181,947200,-0.128947368421053,3310,0.0317220543806647,3205,3310,106,-0.823529411764707,1.07668841469672
"2002-05-17",2002-05-17,-0.00453172205438067,589800,-0.132894736842106,3295,0.0273141122913505,3205,3310,108,-1.03061224489796,1.02995778862765
"2002-05-20",2002-05-20,-0.00758725341426404,233800,-0.139473684210527,3270,0.0198776758409785,3205,3310,0,-1.04950495049505,0.951570796350365
"2002-05-21",2002-05-21,0.0412844036697248,746000,-0.103947368421053,3405,0.039647577092511,3270,3405,108,1.99457810911556,1.26083839788008
"2002-05-22",2002-05-22,0.0161527165932452,887200,-0.0894736842105266,3460,0.0549132947976878,0,3460,0,1.38503532434168,1.42716864601581
"2002-05-23",2002-05-23,0.0260115606936416,991800,-0.065789473684211,3550,0.0788732394366197,0,3550,0,1.43632320237213,1.69363883843311
"2002-05-24",2002-05-24,0.0197183098591549,892400,-0.0473684210526321,3620,0.0966850828729282,0,3620,0,1.22582872928177,1.89628671315266
"2002-05-27",2002-05-27,0.00276243093922652,1013000,-0.0447368421052637,3630,0.0991735537190083,0,3630,0,1.02573789846517,1.92492276827662
"2002-05-28",2002-05-28,0.0275482093663912,1117200,-0.0184210526315793,3730,0.123324396782842,0,3730,0,1.24352100089365,2.20717886530013
"2002-05-29",2002-05-29,-0.014745308310992,2694600,-0.0328947368421058,3675,0.110204081632653,3270,3730,116,-1.78571428571427,2.05284769301447
"2002-05-30",2002-05-30,-0.0353741496598639,1113800,-0.0671052631578952,3545,0.077574047954866,3270,3730,0,-2.03999999999998,1.67901344574966
"2002-05-31",2002-05-31,-0.00141043723554302,628600,-0.0684210526315794,3540,0.076271186440678,3270,3730,0,-1.01960784313725,1.6643675268496
"2002-06-03",2002-06-03,-0.019774011299435,424400,-0.0868421052631584,3470,0.0576368876080692,3270,3730,0,-1.26923076923077,1.45711972068102
"2002-06-04",2002-06-04,-0.00288184438040346,424800,-0.0894736842105268,3460,0.0549132947976878,3270,3730,0,-1.03030303030303,1.42716864601581
"2002-06-05",2002-06-05,0.00433526011560694,526200,-0.0855263157894741,3475,0.0589928057553957,3270,3730,0,1.07429004165089,1.47206238135753
"2002-06-06",2002-06-06,-0.0143884892086331,500200,-0.0986842105263162,3425,0.0452554744525547,3270,3730,0,-1.15384615384615,1.32163939593479
"2002-06-07",2002-06-07,-0.00875912408759124,370600,-0.106578947368421,3395,0.0368188512518409,3270,3730,0,-1.08,1.23029932204844
"2002-06-10",2002-06-10,-0.00147275405007364,654400,-0.107894736842106,3390,0.0353982300884956,3270,3730,0,-1.01234567901235,1.21499478224806
"2002-06-11",2002-06-11,0.0206489675516224,675800,-0.0894736842105268,3460,0.0549132947976878,3270,3730,0,1.55130057803468,1.42716864601581
"2002-06-12",2002-06-12,-0.0158959537572254,296400,-0.103947368421053,3405,0.039647577092511,3270,3730,0,-1.16176470588235,1.26083839788008
"2002-06-13",2002-06-13,0.0176211453744493,324600,-0.0881578947368425,3465,0.0562770562770563,3270,3730,0,1.41943241943242,1.44215517386115
"2002-06-14",2002-06-14,-0.00865800865800866,941800,-0.0960526315789479,3435,0.0480349344978166,3270,3730,0,-1.08955223880597,1.35190293186155
"2002-06-17",2002-06-17,-0.024745269286754,477200,-0.11842105263158,3350,0.0238805970149254,3270,3730,0,-1.23287671232877,1.09170462682818
"2002-06-18",2002-06-18,0.0223880597014925,355800,-0.0986842105263164,3425,0.0452554744525547,3270,3730,0,1.89507299270073,1.32163939593479
"2002-06-19",2002-06-19,-0.0437956204379562,259600,-0.138157894736843,3275,0.00152671755725187,3270,3730,0,-1.4,0.856294372727592
"2002-06-20",2002-06-20,0.016793893129771,420200,-0.123684210526316,3330,0.0180180180180181,3270,3730,0,11.8018018018022,1.02947921344813
"2002-06-21",2002-06-21,-0.0315315315315315,269200,-0.151315789473685,3225,0,3225,3675,133,-1.22340425531915,0.774164435697354
"2002-06-24",2002-06-24,0.0635658914728682,465000,-0.097368421052632,3430,0.0597667638483965,3225,3430,133,-0.643478260869566,1.41015906297765
"2002-06-25",2002-06-25,-0.0233236151603499,333600,-0.118421052631579,3350,0.0373134328358209,3225,3430,135,-1.21621621621622,1.16683347177231
"2002-06-26",2002-06-26,-0.0582089552238806,368400,-0.169736842105264,3155,0,3155,3350,136,-1.43333333333333,0.671136867630695
"2002-06-27",2002-06-27,0.0126782884310618,197800,-0.15921052631579,3195,0.0125195618153364,3155,3195,136,-0.937984496124031,0.800030735482479
"2002-06-28",2002-06-28,0.0344287949921753,291800,-0.130263157894737,3305,0.0453857791225416,0,3305,0,3.62518910741302,1.14574949208301
"2002-07-01",2002-07-01,0.0196671709531014,301200,-0.113157894736842,3370,0.0637982195845698,0,3370,0,1.40568743818002,1.34439734899212
"2002-07-02",2002-07-02,-0.00593471810089021,230400,-0.118421052631579,3350,0.0582089552238806,3155,3370,140,-1.04651162790698,1.28370056390763
"2002-07-03",2002-07-03,-0.0104477611940299,680600,-0.127631578947369,3315,0.048265460030166,3155,3370,0,-1.07777777777778,1.17657355578879
"2002-07-04",2002-07-04,0.00301659125188537,264400,-0.125,3325,0.0511278195488721,3155,3370,0,1.05930451127819,1.20730074226331
"2002-07-05",2002-07-05,-0.00451127819548872,228400,-0.128947368421053,3310,0.0468277945619335,3155,3370,0,-1.03157894736842,1.16117368846739
"2002-07-08",2002-07-08,-0.0181268882175227,300800,-0.144736842105263,3250,0.0292307692307693,3155,3370,0,-1.12244897959184,0.974445499334632
"2002-07-09",2002-07-09,-0.00153846153846154,378600,-0.146052631578948,3245,0.0277349768875192,3155,3370,0,-1.00909090909091,0.958720532753591
"2002-07-10",2002-07-10,-0.0169491525423729,418800,-0.160526315789474,3190,0.0109717868338558,3155,3370,0,-1.0990990990991,0.784015033898086
"2002-07-11",2002-07-11,-0.0344827586206897,556200,-0.189473684210527,3080,0,3080,3350,147,-1.18032786885246,0.560750187559274
"2002-07-12",2002-07-12,-0.0162337662337662,417000,-0.202631578947369,3030,0,3030,3080,148,-1.06944444444444,0.48715906751166
"2002-07-15",2002-07-15,-0.0132013201320132,392400,-0.213157894736842,2990,0,2990,3030,149,-1.05194805194805,0.428286171473569
"2002-07-16",2002-07-16,-0.020066889632107,429000,-0.228947368421053,2930,0,2930,2990,150,-1.07407407407407,0.339976827416432
"2002-07-17",2002-07-17,0.0170648464163823,277200,-0.215789473684211,2980,0.0167785234899329,2930,2980,150,-0.942528735632184,0.507408973028118
"2002-07-18",2002-07-18,0,255600,-0.215789473684211,2980,0.0167785234899329,0,2980,0,-1,0.507408973028118
"2002-07-19",2002-07-19,0.00503355704697987,247200,-0.211842105263158,2995,0.0217028380634391,0,2995,0,1.29348914858097,0.557027631737167
"2002-07-22",2002-07-22,0.00333889816360601,318600,-0.20921052631579,3005,0.0249584026622296,0,3005,0,1.15000639959042,0.589953984782829
"2002-07-23",2002-07-23,0.0183028286189684,328600,-0.194736842105263,3060,0.0424836601307189,0,3060,0,1.70217864923747,0.768921669628605
"2002-07-24",2002-07-24,0.0261437908496732,1094400,-0.173684210526316,3140,0.0668789808917197,0,3140,0,1.57422831945125,1.02310866408772
"2002-07-25",2002-07-25,-0.00955414012738853,596800,-0.181578947368421,3110,0.0578778135048231,2930,3140,157,-1.04545454545455,0.928611136839085
"2002-07-26",2002-07-26,-0.0418006430868167,286400,-0.215789473684211,2980,0.0167785234899329,2930,3140,0,-1.18840579710145,0.507408973028118
"2002-07-29",2002-07-29,-0.0100671140939597,263800,-0.223684210526316,2950,0.00677966101694916,2930,3140,0,-1.03658536585366,0.40733141186679
"2002-07-30",2002-07-30,0.0288135593220339,141000,-0.201315789473684,3035,0.0345963756177924,2930,3140,0,5.10296540362437,0.688013117895321
"2002-07-31",2002-07-31,0.0115321252059308,136400,-0.192105263157895,3070,0.0456026058631922,2930,3140,0,1.31813246471227,0.80108392358448
"2002-08-01",2002-08-01,-0.00651465798045603,129000,-0.197368421052632,3050,0.0393442622950819,2930,3140,0,-1.02739726027397,0.736645028591113
"2002-08-02",2002-08-02,-0.0131147540983607,125200,-0.207894736842105,3010,0.0265780730897009,2930,3140,0,-1.05333333333333,0.606371792213377
"2002-08-05",2002-08-05,-0.00830564784053156,100200,-0.214473684210526,2985,0.018425460636516,2930,3140,0,-1.03164556962025,0.523979281177026
"2002-08-06",2002-08-06,-0.0251256281407035,188600,-0.23421052631579,2910,0,2910,3110,165,-1.0920245398773,0.310540379397387
"2002-08-07",2002-08-07,0.00171821305841924,140400,-0.232894736842105,2915,0.00171526586620929,2910,2915,165,-0.99438202247191,0.327492844958956
"2002-08-08",2002-08-08,-0.00514579759862779,274600,-0.236842105263158,2900,0,0,2915,167,-1.01694915254237,0.295822155387864
"2002-08-09",2002-08-09,0.0327586206896552,180200,-0.211842105263158,2995,0.0317195325542571,2900,2995,167,-0.894444444444445,0.613050254010476
"2002-08-12",2002-08-12,-0.0317195325542571,155400,-0.236842105263158,2900,0,0,2995,169,-1.11801242236025,0.295822155387864
"2002-08-13",2002-08-13,0.00517241379310345,241800,-0.232894736842105,2915,0.00514579759862777,2900,2915,169,-0.983333333333334,0.34667955207257
"2002-08-14",2002-08-14,-0.00343053173241852,170200,-0.235526315789474,2905,0.00172117039586916,2900,2915,171,-1.01129943502825,0.312807644541711
"2002-08-15",2002-08-15,0.00688468158347676,247000,-0.230263157894737,2925,0.00683760683760681,2905,2925,171,3.97264957264962,0.370859938479149
"2002-08-16",2002-08-16,-0.00683760683760684,290200,-0.235526315789474,2905,0,0,2925,173,-1.02285714285714,0.303181267392625
"2002-08-19",2002-08-19,-0.0189328743545611,289400,-0.25,2850,0,2850,2905,174,-1.06145251396648,0.222231035340249
"2002-08-20",2002-08-20,-0.0245614035087719,302800,-0.268421052631579,2780,0,2780,2850,175,-1.07368421052632,0.11920346727359
"2002-08-21",2002-08-21,-0.00539568345323741,232200,-0.272368421052632,2765,0,2765,2780,176,-1.01470588235294,0.0971261312593057
"2002-08-22",2002-08-22,-0.0180831826401447,460200,-0.285526315789474,2715,0,2715,2765,177,-1.04830917874396,0.0235350112116919
"2002-08-26",2002-08-26,0.0349907918968692,277800,-0.260526315789474,2810,0.0338078291814946,2715,2810,177,-0.912442396313364,0.352442796506349
"2002-08-27",2002-08-27,-0.0249110320284698,314800,-0.278947368421053,2740,0.00912408759124084,2715,2810,179,-1.07070707070707,0.111360909954647
"2002-08-28",2002-08-28,-0.0255474452554745,514600,-0.297368421052632,2670,0,2670,2740,180,-1.06603773584906,-0.0426969968311613
"2002-08-29",2002-08-29,-0.0280898876404494,567200,-0.317105263157895,2595,0,2595,2670,181,-1.06637168141593,-0.153083676902583
"2002-08-30",2002-08-30,-0.00963391136801541,466200,-0.323684210526316,2570,0,2570,2595,182,-1.0207468879668,-0.189879236926389
"2002-09-02",2002-09-02,-0.0291828793774319,399200,-0.343421052631579,2495,0,2495,2570,183,-1.0609756097561,-0.300265916997811
"2002-09-03",2002-09-03,-0.00400801603206413,538400,-0.346052631578947,2485,0,2485,2495,184,-1.00766283524904,-0.314984141007333
"2002-09-04",2002-09-04,-0.028169014084507,440800,-0.364473684210526,2415,0,2415,2485,185,-1.0532319391635,-0.418011709073993
"2002-09-05",2002-09-05,0.031055900621118,634000,-0.344736842105263,2490,0.0301204819277109,2415,2490,185,-0.945848375451264,-0.139163428893575
"2002-09-06",2002-09-06,-0.0100401606425703,244200,-0.351315789473684,2465,0.0202839756592292,2415,2490,187,-1.01908396946565,-0.230973831955006
"2002-09-09",2002-09-09,0.050709939148073,467200,-0.318421052631579,2590,0.0482625482625483,2465,2590,187,2.37934362934363,0.109486029800121
"2002-09-10",2002-09-10,-0.0115830115830116,480600,-0.326315789473684,2560,0.037109375,2465,2590,189,-1.02479338842975,0.00295249482337446
"2002-09-11",2002-09-11,-0.033203125,333400,-0.348684210526316,2475,0.00404040404040407,2465,2590,0,-1.06854838709677,-0.30710468774971
"2002-09-12",2002-09-12,0.0141414141414141,240400,-0.339473684210526,2510,0.0179282868525896,2465,2590,0,4.4372509960159,-0.177917015022235
"2002-09-13",2002-09-13,0.00597609561752988,584400,-0.335526315789474,2525,0.0237623762376238,2465,2590,0,1.32541254125413,-0.123210053912957
"2002-09-17",2002-09-17,-0.00198019801980198,207000,-0.336842105263158,2520,0.0218253968253969,2465,2590,0,-1.00392156862745,-0.141402546736294
"2002-09-18",2002-09-18,-0.0138888888888889,170200,-0.346052631578947,2485,0.00804828973843064,2465,2590,0,-1.02734375,-0.269970659127102
"2002-09-19",2002-09-19,-0.0201207243460765,340600,-0.35921052631579,2435,0,2435,2560,195,-1.03802281368821,-0.388575261054947
"2002-09-20",2002-09-20,-0.00410677618069815,577200,-0.361842105263158,2425,0,2425,2435,196,-1.00732600732601,-0.40329348506447
"2002-09-24",2002-09-24,0.00412371134020619,353800,-0.35921052631579,2435,0.0041067761806981,2425,2435,196,-0.992727272727273,-0.365606369376842
"2002-09-25",2002-09-25,0.00410677618069815,195600,-0.356578947368421,2445,0.00817995910020453,0,2445,0,1.99182004089983,-0.328107138283717
"2002-09-26",2002-09-26,-0.032719836400818,328400,-0.377631578947368,2365,0,0,2445,199,-1.0590405904059,-0.491602829121607
"2002-09-27",2002-09-27,0.00211416490486258,728000,-0.376315789473684,2370,0.00210970464135019,2365,2370,199,-0.996515679442509,-0.472444297024823
"2002-09-30",2002-09-30,-0.0210970464135021,418800,-0.389473684210526,2320,0,0,2370,201,-1.03496503496503,-0.55783483716446
"2002-10-01",2002-10-01,-0.0107758620689655,618200,-0.396052631578947,2295,0,2295,2320,202,-1.01689189189189,-0.594630397188267
"2002-10-02",2002-10-02,-0.0348583877995643,320000,-0.417105263157895,2215,0,2215,2295,203,-1.0531561461794,-0.71237618926445
"2002-10-03",2002-10-03,-0.0338600451467269,382000,-0.436842105263158,2140,0,2140,2215,204,-1.04731861198738,-0.822762869335871
"2002-10-04",2002-10-04,0.0163551401869159,438200,-0.427631578947368,2175,0.0160919540229885,2140,2175,204,-0.978915662650602,-0.681247991359252
"2002-10-07",2002-10-07,-0.0390804597701149,680000,-0.45,2090,0,0,2175,206,-1.05230769230769,-0.896353989383485
"2002-10-08",2002-10-08,-0.0669856459330144,1095200,-0.486842105263158,1950,0,1950,2090,207,-1.08187134502924,-1.1024091255168
"2002-10-09",2002-10-09,0.0769230769230769,1795000,-0.447368421052632,2100,0.0714285714285714,1950,2100,207,-0.918918918918919,-0.482141113686914
"2002-10-10",2002-10-10,-0.00476190476190476,471200,-0.45,2090,0.0669856459330144,1950,2100,209,-1.00588235294118,-0.521708287322904
"2002-10-11",2002-10-11,0.0287081339712919,588600,-0.434210526315789,2150,0.0279069767441861,2090,2150,209,-0.964912280701754,-0.651963013969548
"2002-10-15",2002-10-15,0.0162790697674419,470800,-0.425,2185,0.0434782608695652,0,2185,0,1.55797101449275,-0.513360203744381
"2002-10-16",2002-10-16,0.0091533180778032,530600,-0.419736842105263,2205,0.0521541950113379,0,2205,0,1.19954648526077,-0.435399905692954
"2002-10-17",2002-10-17,-0.00226757369614512,228200,-0.421052631578948,2200,0.05,2090,2205,213,-1.00313479623824,-0.454807269097801
"2002-10-18",2002-10-18,0.00454545454545455,646800,-0.418421052631579,2210,0.00452488687782804,2200,2210,213,-0.99375,-0.694427947768674
"2002-10-21",2002-10-21,0.0203619909502262,769400,-0.406578947368421,2255,0.024390243902439,0,2255,0,5.39024390243905,-0.517090485333221
"2002-10-22",2002-10-22,-0.0110864745011086,567600,-0.413157894736842,2230,0.0134529147982063,2200,2255,216,-1.01618122977346,-0.615057708089377
"2002-10-23",2002-10-23,-0.0179372197309417,610600,-0.423684210526316,2190,0,2190,2230,217,-1.02547770700637,-0.749171749288258
"2002-10-24",2002-10-24,-0.045662100456621,708200,-0.45,2090,0,2090,2190,218,-1.06211180124224,-0.896353989383486
"2002-10-25",2002-10-25,-0.0119617224880383,762600,-0.456578947368421,2065,0,2065,2090,219,-1.01461988304094,-0.933149549407293
"2002-10-28",2002-10-28,-0.00242130750605327,1943400,-0.457894736842105,2060,0,2060,2065,220,-1.0028818443804,-0.940508661412055
"2002-10-29",2002-10-29,-0.0145631067961165,3134800,-0.465789473684211,2030,0,2030,2060,221,-1.01724137931034,-0.984663333440623
"2002-10-30",2002-10-30,-0.00492610837438424,1495200,-0.468421052631579,2020,0,2020,2030,222,-1.00564971751412,-0.999381557450146
"2002-10-31",2002-10-31,0,1888800,-0.468421052631579,2020,0,2020,2020,222,-1,-0.999381557450146
"2002-11-01",2002-11-01,-0.0198019801980198,731000,-0.478947368421053,1980,0,0,2020,224,-1.02247191011236,-1.05825445348824
"2002-11-04",2002-11-04,0,0,-0.478947368421053,1980,0,1980,1980,224,-1,-1.05825445348824
"2002-11-05",2002-11-05,0.0151515151515152,951600,-0.471052631578948,2010,0.0149253731343284,0,2010,0,-0.983516483516483,-0.9306232870773
"2002-11-06",2002-11-06,0.00248756218905473,963800,-0.469736842105263,2015,0.0173697270471465,0,2015,0,1.16377171215881,-0.909593086662523
"2002-11-07",2002-11-07,0.00248138957816377,924400,-0.468421052631579,2020,0.0198019801980198,0,2020,0,1.14002828854314,-0.888630564903242
"2002-11-08",2002-11-08,-0.00495049504950495,564200,-0.471052631578948,2010,0.0149253731343284,1980,2020,229,-1.00561797752809,-0.9306232870773
"2002-11-11",2002-11-11,-0.0323383084577114,505600,-0.488157894736842,1945,0,1945,2010,230,-1.03631284916201,-1.10976823752157
"2002-11-12",2002-11-12,-0.0334190231362468,1164800,-0.505263157894737,1880,0,1880,1945,231,-1.03504043126685,-1.20543669358347
"2002-11-13",2002-11-13,-0.0611702127659574,961400,-0.535526315789474,1765,0,1765,1880,232,-1.05989583333333,-1.37469626969298
"2002-11-14",2002-11-14,-0.0028328611898017,596200,-0.536842105263158,1760,0,1760,1765,233,-1.002457002457,-1.38205538169774
"2002-11-15",2002-11-15,0.0369318181818182,745000,-0.519736842105263,1825,0.0356164383561643,1760,1825,233,-0.968137254901961,-1.08718685273983
"2002-11-18",2002-11-18,-0.00547945205479452,837200,-0.522368421052632,1815,0.0303030303030303,1760,1825,235,-1.00506329113924,-1.13162257014177
"2002-11-19",2002-11-19,-0.0247933884297521,854400,-0.53421052631579,1770,0.00564971751412424,1760,1825,0,-1.02267002518892,-1.33573871066212
"2002-11-20",2002-11-20,0.00847457627118644,886000,-0.530263157894737,1785,0.0140056022408963,1760,1825,0,2.47899159663867,-1.26692753702941
"2002-11-21",2002-11-21,0.00840336134453781,1104400,-0.526315789473685,1800,0.0222222222222223,1760,1825,0,1.58666666666667,-1.19889526069034
"2002-11-22",2002-11-22,0.0527777777777778,1486000,-0.501315789473685,1895,0.0659630606860159,1770,1895,235,2.96833773087071,-0.814432898227581
"2002-11-25",2002-11-25,0.0237467018469657,818600,-0.489473684210527,1940,0.0876288659793815,0,1940,0,1.32845360824742,-0.627025663436033
"2002-11-26",2002-11-26,0.00515463917525773,1e+06,-0.486842105263158,1950,0.0923076923076923,0,1950,0,1.05339366515837,-0.586139114105851
"2002-11-27",2002-11-27,-0.0384615384615385,1180000,-0.506578947368421,1875,0.056,1770,1950,242,-1.04054054054054,-0.899591998665581
"2002-11-28",2002-11-28,0.0133333333333333,648000,-0.5,1900,0.0684210526315789,1770,1950,0,1.22180451127819,-0.793326421316826
"2002-11-29",2002-11-29,0.0394736842105263,1059800,-0.480263157894737,1975,0.0506329113924051,1875,1975,242,-0.960526315789474,-0.782427483284458
"2002-12-02",2002-12-02,0,0,-0.480263157894737,1975,0.0506329113924051,0,1975,0,-1,-0.782427483284458
"2002-12-03",2002-12-03,-0.0455696202531646,1510000,-0.503947368421053,1885,0.00530503978779839,1875,1975,246,-1.04931506849315,-1.16840689126773
"2002-12-04",2002-12-04,-0.0159151193633952,1939200,-0.511842105263158,1855,0,1855,1885,247,-1.01566579634465,-1.24223225360727
"2002-12-05",2002-12-05,0.0134770889487871,984600,-0.505263157894737,1880,0.0132978723404256,1855,1880,247,-0.987146529562982,-1.13106268928003
"2002-12-06",2002-12-06,-0.023936170212766,1079000,-0.517105263157895,1835,0,0,1880,249,-1.0234375,-1.27166870162632
"2002-12-09",2002-12-09,-0.0299727520435967,914600,-0.531578947368421,1780,0,1780,1835,250,-1.02798982188295,-1.35261893367869
"2002-12-10",2002-12-10,0.0252808988764045,1675200,-0.519736842105263,1825,0.0246575342465754,1780,1825,250,-0.977722772277228,-1.14847918286168
"2002-12-11",2002-12-11,-0.0301369863013699,1436200,-0.53421052631579,1770,0,0,1825,252,-1.02784810126582,-1.36733715768822
"2002-12-12",2002-12-12,0.0141242937853107,1593800,-0.527631578947369,1795,0.0139275766016713,1770,1795,252,-0.987684729064039,-1.2526457045778
"2002-12-13",2002-12-13,0.00278551532033426,1041200,-0.526315789473685,1800,0.0166666666666667,0,1800,0,1.19666666666667,-1.22996706693267
"2002-12-16",2002-12-16,-0.0194444444444444,891600,-0.535526315789474,1765,0,0,1800,255,-1.0175,-1.37469626969298
"2002-12-17",2002-12-17,-0.0169971671388102,1292400,-0.543421052631579,1735,0,1735,1765,256,-1.01474201474201,-1.41885094172155
"2002-12-18",2002-12-18,-0.0345821325648415,1710200,-0.55921052631579,1675,0,1675,1735,257,-1.02905569007264,-1.50716028577868
"2002-12-19",2002-12-19,0.0417910447761194,1965000,-0.540789473684211,1745,0.0401146131805158,1675,1745,257,-0.967058823529412,-1.17977468983047
"2002-12-20",2002-12-20,-0.0257879656160458,1221800,-0.552631578947369,1700,0.0147058823529411,1675,1745,259,-1.02189781021898,-1.38811582687813
"2002-12-23",2002-12-23,0,0,-0.552631578947369,1700,0.0147058823529411,1675,1745,0,-1,-1.38811582687813
"2002-12-24",2002-12-24,-0.00294117647058824,1098800,-0.553947368421053,1695,0.0117994100294986,1675,1745,0,-1.00238095238095,-1.41173062096178
"2002-12-25",2002-12-25,0.0176991150442478,1131000,-0.546052631578948,1725,0.0289855072463768,1675,1745,0,2.45652173913042,-1.27145539403198
"2002-12-26",2002-12-26,0.0202898550724638,406200,-0.536842105263158,1760,0.0369318181818182,1695,1760,259,1.27414772727273,-1.17549848792773
"2002-12-27",2002-12-27,0.0227272727272727,483800,-0.526315789473685,1800,0.0583333333333333,0,1800,0,1.57948717948718,-0.996928520115226
"2002-12-30",2002-12-30,0.00555555555555556,280400,-0.523684210526316,1810,0.0635359116022099,0,1810,0,1.08918705603788,-0.953112665398111
"2002-12-31",2002-12-31,0,0,-0.523684210526316,1810,0.0635359116022099,0,1810,0,-1,-0.953112665398111
"2003-01-01",2003-01-01,0,0,-0.523684210526316,1810,0.0635359116022099,0,1810,0,-1,-0.953112665398111
"2003-01-02",2003-01-02,0,0,-0.523684210526316,1810,0.0635359116022099,0,1810,0,-1,-0.953112665398111
"2003-01-03",2003-01-03,0,0,-0.523684210526316,1810,0.0635359116022099,0,1810,0,-1,-0.953112665398111
"2003-01-06",2003-01-06,0.0193370165745856,194400,-0.514473684210527,1845,0.0813008130081301,0,1845,0,1.27960410038883,-0.802241117973001
"2003-01-07",2003-01-07,-0.021680216802168,450400,-0.525,1805,0.0609418282548476,1695,1845,271,-1.02046035805627,-0.974980291329096
"2003-01-08",2003-01-08,-0.0332409972299169,235400,-0.540789473684211,1745,0.0286532951289399,1695,1845,0,-1.03007518796992,-1.24387698351092
"2003-01-09",2003-01-09,0,346600,-0.540789473684211,1745,0.0286532951289399,1695,1845,0,-1,-1.24387698351092
"2003-01-10",2003-01-10,0.0200573065902579,320200,-0.531578947368421,1780,0.047752808988764,1695,1845,0,1.66657303370786,-1.08554104856207
"2003-01-13",2003-01-13,0,0,-0.531578947368421,1780,0.047752808988764,1695,1845,0,-1,-1.08554104856207
"2003-01-14",2003-01-14,0.0533707865168539,1185000,-0.506578947368421,1875,0.0693333333333334,1745,1875,271,1.45192156862745,-0.825019663684
"2003-01-15",2003-01-15,0.0106666666666667,714000,-0.501315789473685,1895,0.079155672823219,0,1895,0,1.1416683580272,-0.740647606359261
"2003-01-16",2003-01-16,0.0079155672823219,1281000,-0.497368421052632,1910,0.0863874345549738,0,1910,0,1.0913612565445,-0.678123568467421
"2003-01-17",2003-01-17,0.0235602094240838,1265200,-0.485526315789474,1955,0.107416879795396,0,1955,0,1.2434317600558,-0.494275447803645
"2003-01-20",2003-01-20,0.0179028132992327,751600,-0.476315789473685,1990,0.123115577889447,0,1990,0,1.14614740368509,-0.354960020791994
"2003-01-21",2003-01-21,-0.0175879396984925,536600,-0.485526315789474,1955,0.107416879795396,1745,1990,281,-1.01933701657459,-0.494275447803645
"2003-01-22",2003-01-22,-0.0230179028132992,400800,-0.497368421052632,1910,0.0863874345549738,1745,1990,0,-1.02439024390244,-0.678123568467421
"2003-01-23",2003-01-23,0.0235602094240838,340800,-0.485526315789474,1955,0.107416879795396,1745,1990,0,1.2434317600558,-0.494275447803645
"2003-01-24",2003-01-24,-0.0051150895140665,274400,-0.488157894736842,1945,0.102827763496144,1745,1990,0,-1.00542005420054,-0.534660255658464
"2003-01-27",2003-01-27,-0.0179948586118252,1232000,-0.497368421052632,1910,0.0863874345549738,1745,1990,0,-1.0188679245283,-0.678123568467421
"2003-01-28",2003-01-28,-0.0287958115183246,821800,-0.511842105263158,1855,0.0592991913746631,1745,1990,0,-1.02910052910053,-0.910576316357647
"2003-01-29",2003-01-29,-0.00269541778975741,655600,-0.513157894736842,1850,0.0567567567567567,1745,1990,0,-1.0025706940874,-0.932155074812056
"2003-01-30",2003-01-30,-0.0108108108108108,267600,-0.518421052631579,1830,0.046448087431694,1745,1990,0,-1.01025641025641,-1.01924713849032
"2003-01-31",2003-01-31,0.00819672131147541,302400,-0.514473684210527,1845,0.05420054200542,1745,1990,0,1.16690578670492,-0.953810904520933
"2003-02-03",2003-02-03,0.0514905149051491,656800,-0.489473684210527,1940,0.100515463917526,1745,1990,0,1.85451030927835,-0.554951886069813
"2003-02-04",2003-02-04,0.00257731958762887,743000,-0.488157894736842,1945,0.102827763496144,1745,1990,0,1.02300441632061,-0.534660255658465
"2003-02-05",2003-02-05,-0.0308483290488432,522800,-0.503947368421053,1885,0.0742705570291777,1745,1990,0,-1.03234501347709,-0.782687917225063
"2003-02-06",2003-02-06,-0.00795755968169761,270400,-0.507894736842106,1870,0.0668449197860963,1745,1990,0,-1.00783289817232,-0.846296286335056
"2003-02-07",2003-02-07,0.0133689839572193,595000,-0.501315789473685,1895,0.079155672823219,1745,1990,0,1.18416886543536,-0.740647606359261
"2003-02-10",2003-02-10,-0.0343007915567282,733000,-0.518421052631579,1830,0.046448087431694,1745,1990,0,-1.03412073490814,-1.01924713849032
"2003-02-11",2003-02-11,0,0,-0.518421052631579,1830,0.046448087431694,1745,1990,0,-1,-1.01924713849032
"2003-02-12",2003-02-12,0.0245901639344262,671600,-0.506578947368421,1875,0.0693333333333334,1745,1990,0,1.49270588235294,-0.825019663684
"2003-02-13",2003-02-13,-0.00533333333333333,445400,-0.50921052631579,1865,0.064343163538874,1745,1990,0,-1.0051948051948,-0.867647533708077
"2003-02-14",2003-02-14,0.0348525469168901,2206600,-0.492105263157895,1930,0.0958549222797928,1745,1990,0,1.48974525043178,-0.595736170494683
"2003-02-17",2003-02-17,0.00518134715025907,624800,-0.489473684210527,1940,0.100515463917526,1745,1990,0,1.04862078573419,-0.554951886069813
"2003-02-18",2003-02-18,0.0103092783505155,714800,-0.48421052631579,1960,0.10969387755102,1745,1990,0,1.09131344845631,-0.474181257845031
"2003-02-19",2003-02-19,-0.0127551020408163,1161400,-0.490789473684211,1935,0.0981912144702842,1745,1990,0,-1.01358695652174,-0.575310351201608
"2003-02-20",2003-02-20,0.00516795865633075,302000,-0.488157894736843,1945,0.102827763496144,1745,1990,0,1.04721959139494,-0.534660255658465
"2003-02-21",2003-02-21,-0.0051413881748072,534800,-0.490789473684211,1935,0.0981912144702842,1745,1990,0,-1.00539083557951,-0.575310351201609
"2003-02-24",2003-02-24,-0.00516795865633075,509000,-0.493421052631579,1925,0.0935064935064935,1745,1990,0,-1.00536193029491,-0.61622986878666
"2003-02-25",2003-02-25,-0.0285714285714286,912800,-0.507894736842106,1870,0.0668449197860963,1745,1990,0,-1.02933333333333,-0.846296286335056
"2003-02-26",2003-02-26,-0.0320855614973262,1509800,-0.523684210526316,1810,0.0359116022099447,1745,1990,0,-1.03108808290155,-1.10761335942073
"2003-02-27",2003-02-27,0.0220994475138122,795000,-0.513157894736843,1850,0.0567567567567567,1745,1990,0,1.58045738045738,-0.932155074812057
"2003-02-28",2003-02-28,-0.00540540540540541,2818400,-0.515789473684211,1840,0.0516304347826086,1745,1990,0,-1.00512820512821,-0.975544433782551
"2003-03-03",2003-03-03,-0.00543478260869565,658200,-0.518421052631579,1830,0.046448087431694,1745,1990,0,-1.00510204081633,-1.01924713849032
"2003-03-04",2003-03-04,-0.0109289617486339,637200,-0.523684210526316,1810,0.0359116022099447,1745,1990,0,-1.01015228426396,-1.10761335942073
"2003-03-05",2003-03-05,-0.00552486187845304,586200,-0.526315789473685,1800,0.0305555555555556,1745,1990,0,-1.00502512562814,-1.15228755132686
"2003-03-06",2003-03-06,-0.00833333333333333,443000,-0.530263157894737,1785,0.0224089635854342,1745,1990,0,-1.0075,-1.2199281662427
"2003-03-07",2003-03-07,-0.030812324929972,618800,-0.544736842105264,1730,0,1730,1960,314,-1.0272952853598,-1.42621005372631
"2003-03-10",2003-03-10,-0.023121387283237,824200,-0.555263157894737,1690,0,1690,1730,315,-1.01932367149758,-1.4850829497644
"2003-03-11",2003-03-11,-0.029585798816568,834400,-0.568421052631579,1640,0,1640,1690,316,-1.02369668246446,-1.55867406981201
"2003-03-12",2003-03-12,-0.0274390243902439,1134000,-0.580263157894737,1595,0,1595,1640,317,-1.02083333333333,-1.62490607785487
"2003-03-13",2003-03-13,0.0125391849529781,1188200,-0.575,1615,0.0123839009287926,1595,1615,317,-0.990929705215419,-1.52620739920277
"2003-03-14",2003-03-14,-0.0247678018575851,1552400,-0.585526315789474,1575,0,0,1615,319,-1.01830663615561,-1.65434252587391
"2003-03-17",2003-03-17,-0.0793650793650794,1810000,-0.618421052631579,1450,0,1450,1575,320,-1.0561797752809,-1.83832032599295
"2003-03-18",2003-03-18,0.0482758620689655,1316600,-0.6,1520,0.0460526315789473,1450,1520,320,-0.970212765957447,-1.47772383775964
"2003-03-19",2003-03-19,0.0625,1401400,-0.575,1615,0.102167182662539,0,1615,0,2.21848739495798,-1.02405622711317
"2003-03-20",2003-03-20,0.0340557275541796,990400,-0.560526315789474,1670,0.131736526946108,0,1670,0,1.28942115768463,-0.77772686652829
"2003-03-21",2003-03-21,0,0,-0.560526315789474,1670,0.131736526946108,0,1670,0,-1,-0.77772686652829
"2003-03-24",2003-03-24,0.0389221556886228,1011800,-0.543421052631579,1735,0.164265129682997,0,1735,0,1.24692166623002,-0.500128370983033
"2003-03-25",2003-03-25,-0.0576368876080692,425600,-0.569736842105264,1635,0.113149847094801,1450,1735,326,-1.04842615012107,-0.93319455926665
"2003-03-26",2003-03-26,0.0275229357798165,4e+05,-0.557894736842106,1680,0.136904761904762,1450,1735,0,1.20994208494208,-0.734103091373747
"2003-03-27",2003-03-27,0.0178571428571429,384200,-0.55,1710,0.152046783625731,1450,1735,0,1.11060259344012,-0.60526022563959
"2003-03-28",2003-03-28,0,341600,-0.55,1710,0.152046783625731,1450,1735,0,-1,-0.60526022563959
"2003-03-31",2003-03-31,-0.0467836257309941,391400,-0.571052631578948,1630,0.110429447852761,1450,1735,0,-1.03827751196172,-0.955768660538493
"2003-04-01",2003-04-01,-0.0398773006134969,530000,-0.588157894736842,1565,0.0734824281150159,1450,1735,0,-1.02995391705069,-1.25807903153446
"2003-04-02",2003-04-02,0.060702875399361,534800,-0.563157894736842,1660,0.126506024096386,1450,1735,0,1.72158198009429,-0.821698901335183
"2003-04-03",2003-04-03,-0.0301204819277108,361600,-0.576315789473685,1610,0.0993788819875776,1450,1735,0,-1.02336448598131,-1.04701009601512
"2003-04-04",2003-04-04,0.0062111801242236,138600,-0.573684210526316,1620,0.104938271604938,1450,1735,0,1.05594135802469,-1.00119862214268
"2003-04-07",2003-04-07,0.0246913580246914,615600,-0.563157894736843,1660,0.126506024096386,1450,1735,0,1.20552799433026,-0.821698901335185
"2003-04-08",2003-04-08,0.0331325301204819,761800,-0.548684210526316,1715,0.154518950437318,1450,1735,0,1.2214355129807,-0.584074469764529
"2003-04-09",2003-04-09,0,766200,-0.548684210526316,1715,0.154518950437318,1450,1735,0,-1,-0.584074469764529
"2003-04-10",2003-04-10,0.0291545189504373,934400,-0.535526315789474,1765,0.113314447592068,1565,1765,326,-0.976019184652278,-0.74093704888633
"2003-04-11",2003-04-11,-0.0424929178470255,789600,-0.555263157894737,1690,0.0739644970414202,1565,1765,339,-1.03685503685504,-1.07140505600562
"2003-04-14",2003-04-14,0.0325443786982249,456000,-0.540789473684211,1745,0.103151862464183,1565,1765,0,1.39461318051576,-0.827212074588035
"2003-04-15",2003-04-15,0.00859598853868195,494600,-0.536842105263158,1760,0.110795454545455,1565,1765,0,1.07410037878788,-0.762384700387716
"2003-04-16",2003-04-16,0.00568181818181818,841600,-0.53421052631579,1770,0.0451977401129944,1690,1770,339,-0.995098039215686,-1.11454958147946
"2003-04-17",2003-04-17,0.0310734463276836,853400,-0.519736842105263,1825,0.0739726027397261,0,1825,0,1.63664383561644,-0.872663697313364
"2003-04-18",2003-04-18,-0.00821917808219178,570400,-0.523684210526316,1810,0.0662983425414365,1690,1825,344,-1.00759493670886,-0.937662595995849
"2003-04-21",2003-04-21,0.0193370165745856,847200,-0.514473684210527,1845,0.018970189701897,1810,1845,344,-0.982412060301508,-1.15085162703324
"2003-04-22",2003-04-22,-0.02710027100271,372800,-0.527631578947369,1795,0,0,1845,346,-1.02557544757033,-1.33054159766441
"2003-04-23",2003-04-23,-0.00278551532033426,383200,-0.528947368421053,1790,0,1790,1795,347,-1.00249376558603,-1.33790070966917
"2003-04-24",2003-04-24,-0.0195530726256983,495200,-0.538157894736842,1755,0,1755,1790,348,-1.01741293532338,-1.3894144937025
"2003-04-25",2003-04-25,-0.0142450142450142,471600,-0.544736842105263,1730,0,1730,1755,349,-1.01222493887531,-1.42621005372631
"2003-04-28",2003-04-28,-0.00867052023121387,285000,-0.548684210526316,1715,0,1715,1730,350,-1.00724637681159,-1.44828738974059
"2003-04-29",2003-04-29,0,0,-0.548684210526316,1715,0,1715,1715,350,-1,-1.44828738974059
"2003-04-30",2003-04-30,0.0349854227405248,287200,-0.532894736842106,1775,0.0338028169014084,0,1775,0,-0.971223021582734,-1.17092142178649
"2003-05-01",2003-05-01,0.0225352112676056,274200,-0.522368421052632,1815,0.0550964187327824,0,1815,0,1.62993572084481,-0.992955005093371
"2003-05-02",2003-05-02,-0.0137741046831956,291200,-0.528947368421053,1790,0.0418994413407822,1715,1815,354,-1.01259445843829,-1.10356027152872
"2003-05-05",2003-05-05,0,0,-0.528947368421053,1790,0.0418994413407822,1715,1815,0,-1,-1.10356027152872
"2003-05-06",2003-05-06,-0.00837988826815642,437200,-0.532894736842106,1775,0.0338028169014084,1715,1815,0,-1.00746268656716,-1.17092142178649
"2003-05-07",2003-05-07,-0.00845070422535211,321200,-0.536842105263158,1760,0.0255681818181818,1715,1815,0,-1.00740740740741,-1.23905445524158
"2003-05-08",2003-05-08,-0.0170454545454545,424200,-0.544736842105263,1730,0.00867052023121384,1715,1815,0,-1.01470588235294,-1.37771648329031
"2003-05-09",2003-05-09,0,497800,-0.544736842105263,1730,0.00867052023121384,1715,1815,0,-1,-1.37771648329031
"2003-05-12",2003-05-12,-0.00867052023121387,516400,-0.548684210526316,1715,0,1715,1790,360,-1.00724637681159,-1.44828738974059
"2003-05-13",2003-05-13,0.0379008746355685,733600,-0.531578947368421,1780,0.0365168539325843,1715,1780,360,-0.968824940047962,-1.14838290388363
"2003-05-14",2003-05-14,-0.0280898876404494,320800,-0.544736842105263,1730,0.00867052023121384,1715,1780,362,-1.02475247524752,-1.37771648329031
"2003-05-15",2003-05-15,-0.0202312138728324,528800,-0.553947368421053,1695,0,1695,1730,363,-1.01690821256039,-1.47772383775964
"2003-05-16",2003-05-16,-0.0412979351032448,819400,-0.572368421052632,1625,0,1625,1695,364,-1.0332541567696,-1.5807514058263
"2003-05-19",2003-05-19,0.00923076923076923,477600,-0.568421052631579,1640,0.00914634146341464,1625,1640,364,-0.993103448275862,-1.50751926685209
"2003-05-20",2003-05-20,-0.00304878048780488,768200,-0.569736842105263,1635,0.00611620795107037,1625,1640,366,-1.00231481481481,-1.53182568870596
"2003-05-21",2003-05-21,-0.00305810397553517,894400,-0.571052631578948,1630,0.00306748466257667,1625,1640,0,-1.00230946882217,-1.5562360817859
"2003-05-22",2003-05-22,-0.00306748466257669,390400,-0.572368421052632,1625,0,1625,1635,368,-1.00230414746544,-1.5807514058263
"2003-05-23",2003-05-23,0.00615384615384615,316200,-0.569736842105263,1635,0.00611620795107037,1625,1635,368,-0.995402298850575,-1.53182568870596
"2003-05-26",2003-05-26,0.00917431192660551,327400,-0.565789473684211,1650,0.0151515151515151,0,1650,0,2.47727272727271,-1.45921455605069
"2003-05-27",2003-05-27,-0.00909090909090909,269200,-0.569736842105263,1635,0.00611620795107037,1625,1650,371,-1.00697674418605,-1.53182568870596
"2003-05-28",2003-05-28,0.0214067278287462,528400,-0.560526315789474,1670,0.0209580838323353,1635,1670,371,3.42664670658681,-1.39730240417467
"2003-05-29",2003-05-29,-0.0029940119760479,805000,-0.561842105263158,1665,0.0180180180180181,1635,1670,373,-1.00234741784038,-1.42110508413742
"2003-05-30",2003-05-30,0.012012012012012,773000,-0.556578947368421,1685,0.0118694362017804,1665,1685,373,-0.990632318501171,-1.42605719383303
"2003-06-02",2003-06-02,0.0207715133531157,520800,-0.547368421052632,1720,0.0319767441860465,0,1720,0,2.69404069767442,-1.26208474180616
"2003-06-03",2003-06-03,0.0319767441860465,831400,-0.532894736842106,1775,0.0619718309859155,0,1775,0,1.93802816901409,-1.01337423520568
"2003-06-04",2003-06-04,-0.0112676056338028,289400,-0.538157894736842,1755,0.0512820512820513,1665,1775,377,-1.00987654320988,-1.10259782069642
"2003-06-05",2003-06-05,0,656000,-0.538157894736842,1755,0.0512820512820513,1665,1775,0,-1,-1.10259782069642
"2003-06-06",2003-06-06,-0.0056980056980057,262000,-0.540789473684211,1745,0.0458452722063037,1665,1775,0,-1.00488997555012,-1.14772354299025
"2003-06-09",2003-06-09,0.0143266475644699,379000,-0.53421052631579,1770,0.059322033898305,1665,1775,0,1.29396186440678,-1.03555346391423
"2003-06-10",2003-06-10,0.0112994350282486,875800,-0.528947368421053,1790,0.0251396648044693,1745,1790,377,-0.990147783251232,-1.1972964467849
"2003-06-11",2003-06-11,0.0251396648044693,1728000,-0.517105263157895,1835,0.0490463215258855,0,1835,0,1.95095367847411,-0.997356297743115
"2003-06-12",2003-06-12,0.0163487738419619,1160400,-0.50921052631579,1865,0.064343163538874,0,1865,0,1.31188561215371,-0.867647533708077
"2003-06-13",2003-06-13,0.00268096514745308,871800,-0.507894736842106,1870,0.0668449197860963,0,1870,0,1.03888146167558,-0.846296286335056
"2003-06-16",2003-06-16,0.00267379679144385,486800,-0.506578947368421,1875,0.0693333333333334,0,1875,0,1.03722666666667,-0.825019663683999
"2003-06-17",2003-06-17,0.016,570600,-0.498684210526316,1905,0.083989501312336,0,1905,0,1.21138703815869,-0.698894141549691
"2003-06-18",2003-06-18,0.015748031496063,802600,-0.490789473684211,1935,0.0981912144702842,0,1935,0,1.16908914728682,-0.575310351201608
"2003-06-19",2003-06-19,-0.020671834625323,642200,-0.501315789473685,1895,0.079155672823219,1745,1935,388,-1.02144772117962,-0.740647606359261
"2003-06-20",2003-06-20,-0.00263852242744063,428800,-0.502631578947369,1890,0.0767195767195767,1745,1935,0,-1.00262467191601,-0.761631621465632
"2003-06-23",2003-06-23,-0.0105820105820106,418800,-0.507894736842106,1870,0.0668449197860963,1745,1935,0,-1.01047120418848,-0.846296286335056
"2003-06-24",2003-06-24,-0.0133689839572193,467600,-0.514473684210527,1845,0.05420054200542,1745,1935,0,-1.01295336787565,-0.953810904520933
"2003-06-25",2003-06-25,-0.00542005420054201,417800,-0.517105263157895,1835,0.0490463215258855,1745,1935,0,-1.00511508951407,-0.997356297743115
"2003-06-26",2003-06-26,-0.00544959128065395,344000,-0.519736842105263,1825,0.0438356164383562,1745,1935,0,-1.00508905852417,-1.04121760514845
"2003-06-27",2003-06-27,0.010958904109589,366800,-0.514473684210527,1845,0.05420054200542,1745,1935,0,1.23644986449864,-0.953810904520933
"2003-06-30",2003-06-30,0.013550135501355,385200,-0.507894736842106,1870,0.0668449197860963,1745,1935,0,1.23328877005348,-0.846296286335056
"2003-07-01",2003-07-01,0.0320855614973262,707200,-0.492105263157895,1930,0.0958549222797928,1745,1935,0,1.4339896373057,-0.595736170494684
"2003-07-02",2003-07-02,0.103626943005181,4508800,-0.439473684210527,2130,0.143192488262911,1825,2130,388,1.49384595863469,-0.0366162282262908
"2003-07-03",2003-07-03,0.0563380281690141,5403200,-0.407894736842106,2250,0.188888888888889,0,2250,0,1.31912568306011,0.395579007007961
"2003-07-04",2003-07-04,-0.0311111111111111,1522200,-0.426315789473685,2180,0.162844036697248,1825,2250,399,-1.04516129032258,0.146884530777735
"2003-07-07",2003-07-07,0.0412844036697248,1424600,-0.402631578947369,2270,0.039647577092511,2180,2270,399,-0.944444444444444,-0.409680027200764
"2003-07-08",2003-07-08,0.0066079295154185,1566400,-0.398684210526316,2285,0.0459518599562363,0,2285,0,1.15900802334063,-0.352343309171552
"2003-07-09",2003-07-09,-0.0218818380743982,903200,-0.411842105263158,2235,0.0246085011185683,2180,2285,402,-1.03300330033003,-0.545306237084768
"2003-07-10",2003-07-10,-0.0201342281879195,687200,-0.423684210526316,2190,0.00456621004566216,2180,2285,0,-1.02875399361022,-0.723633278404156
"2003-07-11",2003-07-11,-0.0319634703196347,716800,-0.442105263157895,2120,0,2120,2235,404,-1.04347826086957,-0.85219931735492
"2003-07-14",2003-07-14,0.00471698113207547,470800,-0.439473684210527,2130,0.00469483568075113,2120,2130,404,-0.994047619047619,-0.811223228915263
"2003-07-15",2003-07-15,0.0117370892018779,1046400,-0.432894736842106,2155,0.0162412993039444,0,2155,0,3.45939675174018,-0.709849162404348
"2003-07-16",2003-07-16,-0.0116009280742459,400800,-0.439473684210527,2130,0.00469483568075113,2120,2155,407,-1.01519756838906,-0.811223228915262
"2003-07-17",2003-07-17,-0.0516431924882629,1010200,-0.468421052631579,2020,0,2020,2130,408,-1.06586826347305,-0.999381557450147
"2003-07-18",2003-07-18,-0.00247524752475248,852800,-0.469736842105264,2015,0,2015,2020,409,-1.00280898876405,-1.00674066945491
"2003-07-21",2003-07-21,0,0,-0.469736842105264,2015,0,2015,2015,409,-1,-1.00674066945491
"2003-07-22",2003-07-22,-0.0148883374689826,423200,-0.477631578947369,1985,0,0,2015,411,-1.01680672268908,-1.05089534148348
"2003-07-23",2003-07-23,0,827600,-0.477631578947369,1985,0,1985,1985,411,-1,-1.05089534148348
"2003-07-24",2003-07-24,0.0151133501259446,999200,-0.469736842105264,2015,0.0148883374689827,0,2015,0,-0.983471074380165,-0.923471312775723
"2003-07-25",2003-07-25,-0.00496277915632754,428000,-0.472368421052632,2005,0.0099750623441397,1985,2015,414,-1.00560224089636,-0.96566911667023
"2003-07-28",2003-07-28,0.0224438902743142,462200,-0.460526315789474,2050,0.0219512195121951,2005,2050,414,2.20060975609755,-0.832455358317755
"2003-07-29",2003-07-29,-0.0219512195121951,371800,-0.472368421052632,2005,0,0,2050,416,-1.02571428571429,-1.02145889346443
"2003-07-30",2003-07-30,-0.0224438902743142,455200,-0.48421052631579,1960,0,1960,2005,417,-1.02506963788301,-1.08769090150728
"2003-07-31",2003-07-31,-0.0229591836734694,873400,-0.496052631578948,1915,0,1915,1960,418,-1.02445652173913,-1.15392290955014
"2003-08-01",2003-08-01,-0.00522193211488251,611800,-0.498684210526316,1905,0,1905,1915,419,-1.0053050397878,-1.16864113355966
"2003-08-04",2003-08-04,0.0026246719160105,314200,-0.497368421052632,1910,0.00261780104712039,1905,1910,419,-0.997361477572559,-1.14664085630982
"2003-08-05",2003-08-05,0.0183246073298429,820800,-0.488157894736843,1945,0.0205655526992288,0,1945,0,7.85604113110547,-0.994746641148948
"2003-08-06",2003-08-06,-0.0025706940874036,638600,-0.489473684210527,1940,0.0180412371134021,1905,1945,422,-1.00269541778976,-1.01622406121362
"2003-08-07",2003-08-07,-0.00515463917525773,423000,-0.492105263157895,1930,0.0129533678756477,1905,1945,0,-1.00537634408602,-1.05939835690867
"2003-08-08",2003-08-08,0.0310880829015544,1170000,-0.476315789473685,1990,0.0301507537688442,1930,1990,422,2.32763819095477,-0.874905321228907
"2003-08-11",2003-08-11,-0.0050251256281407,379000,-0.478947368421053,1980,0.0252525252525253,1930,1990,425,-1.00552486187845,-0.917018970568575
"2003-08-12",2003-08-12,0.0429292929292929,849000,-0.456578947368422,2065,0.0411622276029056,1980,2065,425,1.63002421307506,-0.702932292502895
"2003-08-13",2003-08-13,0.0532687651331719,1661200,-0.427631578947369,2175,0.0896551724137931,0,2175,0,2.17809330628803,-0.269814419047076
"2003-08-14",2003-08-14,0.0160919540229885,1272400,-0.418421052631579,2210,0.104072398190045,0,2210,0,1.16080751827358,-0.137666170756863
"2003-08-15",2003-08-15,-0.0113122171945701,1076600,-0.425,2185,0.0938215102974829,1980,2210,429,-1.01572327044025,-0.23179417921438
"2003-08-18",2003-08-18,-0.0137299771167048,456800,-0.432894736842106,2155,0.0812064965197216,1980,2210,0,-1.01857585139319,-0.346503678735386
"2003-08-19",2003-08-19,0.00464037122969838,405800,-0.430263157894737,2165,0.0854503464203233,1980,2210,0,1.05225998020455,-0.308049919995921
"2003-08-20",2003-08-20,0.0300230946882217,1157400,-0.413157894736843,2230,0.0336322869955157,2155,2230,429,-0.960244648318043,-0.502195990348195
"2003-08-21",2003-08-21,0.0695067264573991,3205000,-0.372368421052632,2385,0.0964360587002097,0,2385,0,2.86736547868624,0.0771932744246032
"2003-08-22",2003-08-22,0.0712788259958071,3792400,-0.327631578947369,2555,0.156555772994129,0,2555,0,1.62341529822173,0.663648143085731
"2003-08-25",2003-08-25,-0.0332681017612524,694000,-0.350000000000001,2470,0.12753036437247,2155,2555,435,-1.06827309236948,0.376206301901409
"2003-08-26",2003-08-26,-0.0242914979757085,1048600,-0.365789473684211,2410,0.105809128630705,2155,2555,0,-1.04511278195489,0.166411712748115
"2003-08-27",2003-08-27,0.0186721991701245,896600,-0.353947368421053,2455,0.122199592668024,2155,2555,0,1.15490595423506,0.324314358893057
"2003-08-28",2003-08-28,0.044806517311609,2122200,-0.325000000000001,2565,0.0604288499025342,2410,2565,435,-0.9182156133829,0.140735683880111
"2003-08-29",2003-08-29,0,877000,-0.325000000000001,2565,0.0604288499025342,0,2565,0,-1,0.140735683880111
"2003-09-01",2003-09-01,0.0331384015594542,957200,-0.302631578947369,2650,0.090566037735849,0,2650,0,1.49872185027389,0.434395622949217
"2003-09-02",2003-09-02,-0.00943396226415094,736600,-0.30921052631579,2625,0.0819047619047619,2410,2650,441,-1.02173913043478,0.349158195727132
"2003-09-03",2003-09-03,0.0019047619047619,640800,-0.307894736842106,2630,0.0836501901140685,2410,2650,0,1.02131046069502,0.366279357015196
"2003-09-04",2003-09-04,-0.0475285171102662,735000,-0.340789473684211,2505,0.0379241516966068,2410,2650,0,-1.10683760683761,-0.0734407521724124
"2003-09-05",2003-09-05,-0.00598802395209581,623400,-0.344736842105264,2490,0.0321285140562249,2410,2650,0,-1.01158301158301,-0.12793265555298
"2003-09-08",2003-09-08,0.0401606425702811,1001600,-0.31842105263158,2590,0.0694980694980695,2410,2650,0,2.16312741312742,0.228254710031403
"2003-09-09",2003-09-09,-0.0135135135135135,631600,-0.327631578947369,2555,0.0567514677103719,2410,2650,0,-1.02892561983471,0.105450136618896
"2003-09-10",2003-09-10,-0.0215264187866928,780600,-0.342105263157895,2500,0.036,2410,2650,0,-1.04417670682731,-0.0915615005427796
"2003-09-11",2003-09-11,-0.034,1152000,-0.364473684210527,2415,0.00207039337474124,2410,2650,0,-1.06538461538462,-0.406432153952633
"2003-09-12",2003-09-12,0.0124223602484472,1343600,-0.356578947368422,2445,0.0143149284253579,2410,2650,0,6.91411042944771,-0.293794714212441
"2003-09-15",2003-09-15,0,0,-0.356578947368422,2445,0.0143149284253579,2410,2650,0,-1,-0.293794714212441
"2003-09-16",2003-09-16,0.00613496932515337,663600,-0.352631578947369,2460,0.0203252032520326,2410,2650,0,1.41986062717771,-0.238102361120195
"2003-09-17",2003-09-17,0.024390243902439,695000,-0.336842105263158,2520,0.0436507936507936,2410,2650,0,2.14761904761904,-0.0193347364985882
"2003-09-18",2003-09-18,0.00198412698412698,793000,-0.335526315789474,2525,0.0455445544554456,2410,2650,0,1.04338433843385,-0.00138396211136531
"2003-09-19",2003-09-19,-0.0178217821782178,1015200,-0.347368421052632,2480,0.0282258064516129,2410,2650,0,-1.03529411764706,-0.164478430974474
"2003-09-22",2003-09-22,-0.0141129032258065,603200,-0.356578947368422,2445,0.0143149284253579,2410,2650,0,-1.02651515151515,-0.293794714212441
"2003-09-23",2003-09-23,0,0,-0.356578947368422,2445,0.0143149284253579,2410,2650,0,-1,-0.293794714212441
"2003-09-24",2003-09-24,0.0306748466257669,458000,-0.336842105263158,2520,0.0436507936507936,2410,2650,0,3.04931972789116,-0.0193347364985882
"2003-09-25",2003-09-25,-0.0496031746031746,671800,-0.369736842105264,2395,0,2395,2630,458,-1.09765625,-0.447448157093043
"2003-09-26",2003-09-26,-0.0187891440501044,511200,-0.381578947368422,2350,0,2350,2395,459,-1.03202846975089,-0.513680165135895
"2003-09-29",2003-09-29,-0.00212765957446809,360800,-0.382894736842106,2345,0,2345,2350,460,-1.00344827586207,-0.521039277140656
"2003-09-30",2003-09-30,-0.00852878464818763,599800,-0.388157894736843,2325,0,2325,2345,461,-1.01374570446735,-0.550475725159702
"2003-10-01",2003-10-01,0.032258064516129,756600,-0.36842105263158,2400,0.03125,2325,2400,461,-0.949152542372882,-0.265310134975197
"2003-10-02",2003-10-02,0.0729166666666667,1410600,-0.322368421052632,2575,0.0970873786407767,0,2575,0,3.10679611650485,0.360482314264648
"2003-10-03",2003-10-03,0.0368932038834951,1525200,-0.297368421052632,2670,0.129213483146067,0,2670,0,1.33089887640449,0.679984339366754
"2003-10-06",2003-10-06,-0.00749063670411985,543800,-0.302631578947369,2650,0.122641509433962,2325,2670,465,-1.01769911504425,0.613791334461514
"2003-10-07",2003-10-07,-0.00188679245283019,340200,-0.303947368421053,2645,0.120982986767486,2325,2670,0,-1.00434782608696,0.597156229367326
"2003-10-08",2003-10-08,-0.0283553875236295,620600,-0.323684210526317,2570,0.0953307392996109,2325,2670,0,-1.06493506493507,0.343298449955543
"2003-10-09",2003-10-09,0.0155642023346304,395800,-0.313157894736843,2610,0.109195402298851,2325,2670,0,1.14543748533896,0.479715368012588
"2003-10-10",2003-10-10,0.0134099616858238,415800,-0.303947368421054,2645,0.120982986767486,2325,2670,0,1.1079494577654,0.597156229367325
"2003-10-13",2003-10-13,0,0,-0.303947368421054,2645,0.120982986767486,2325,2670,0,-1,0.597156229367325
"2003-10-14",2003-10-14,0.056710775047259,1468000,-0.264473684210527,2795,0.0805008944543828,2570,2795,465,-0.87012987012987,0.591516278355563
"2003-10-15",2003-10-15,-0.0178890876565295,901200,-0.277631578947369,2745,0.063752276867031,2570,2795,472,-1.04975124378109,0.424251394217768
"2003-10-16",2003-10-16,0.00182149362477231,433400,-0.276315789473685,2750,0.0654545454545454,2570,2795,0,1.0267012987013,0.441131166972785
"2003-10-17",2003-10-17,-0.00909090909090909,690400,-0.282894736842106,2725,0.0568807339449541,2570,2795,0,-1.02380952380952,0.356382921151814
"2003-10-20",2003-10-20,0,423800,-0.282894736842106,2725,0.0568807339449541,2570,2795,0,-1,0.356382921151814
"2003-10-21",2003-10-21,-0.036697247706422,514200,-0.30921052631579,2625,0.0209523809523809,2570,2795,0,-1.09302325581395,0.00825609295418249
"2003-10-22",2003-10-22,-0.0285714285714286,564000,-0.328947368421053,2550,0,2550,2750,477,-1.06382978723404,-0.219315684945439
"2003-10-23",2003-10-23,-0.0549019607843137,976000,-0.365789473684211,2410,0,2410,2550,478,-1.112,-0.425370821078759
"2003-10-24",2003-10-24,0.020746887966805,419400,-0.352631578947369,2460,0.0203252032520326,2410,2460,478,-0.964028776978418,-0.238102361120197
"2003-10-27",2003-10-27,0.00813008130081301,444200,-0.347368421052633,2480,0.0282258064516129,0,2480,0,1.38870967741935,-0.164478430974476
"2003-10-28",2003-10-28,0.0181451612903226,326200,-0.335526315789475,2525,0.0455445544554456,0,2525,0,1.61357850070722,-0.00138396211136656
"2003-10-29",2003-10-29,0.0198019801980198,596600,-0.322368421052633,2575,0.0640776699029126,0,2575,0,1.40692275221612,0.175861484941312
"2003-10-30",2003-10-30,-0.0310679611650485,666000,-0.34342105263158,2495,0.0340681362725451,2410,2575,483,-1.06530612244898,-0.109725381724233
"2003-10-31",2003-10-31,-0.00801603206412826,425800,-0.348684210526317,2475,0.0262626262626262,2410,2575,0,-1.01532567049808,-0.182817462780411
"2003-11-03",2003-11-03,0,0,-0.348684210526317,2475,0.0262626262626262,2410,2575,0,-1,-0.182817462780411
"2003-11-04",2003-11-04,0.0303030303030303,534200,-0.328947368421054,2550,0.0549019607843138,2410,2575,0,2.09049773755657,0.0877468708610755
"2003-11-05",2003-11-05,-0.0254901960784314,653600,-0.346052631578948,2485,0.0301810865191147,2410,2575,0,-1.052,-0.146183583956473
"2003-11-06",2003-11-06,-0.0181086519114688,769200,-0.357894736842106,2440,0.0122950819672131,2410,2575,0,-1.03422053231939,-0.312450676218814
"2003-11-07",2003-11-07,0.00409836065573771,436800,-0.355263157894738,2450,0.0163265306122449,2410,2575,0,1.32789115646259,-0.275184861797915
"2003-11-10",2003-11-10,0.00612244897959184,555400,-0.351315789473685,2465,0.0223123732251521,2410,2575,0,1.36663286004057,-0.219629156247874
"2003-11-11",2003-11-11,-0.0365111561866126,674600,-0.375000000000001,2375,0,2375,2550,491,-1.06741573033708,-0.47688460511209
"2003-11-12",2003-11-12,-0.00842105263157895,663600,-0.380263157894738,2355,0,2355,2375,492,-1.0140350877193,-0.506321053131136
"2003-11-13",2003-11-13,0.00849256900212314,575000,-0.375000000000001,2375,0.008421052631579,2355,2375,492,-0.986159169550173,-0.429786288281616
"2003-11-14",2003-11-14,-0.0294736842105263,573400,-0.39342105263158,2305,0,0,2375,494,-1.04912280701754,-0.579912173178749
"2003-11-17",2003-11-17,-0.0433839479392625,339800,-0.419736842105264,2205,0,2205,2305,495,-1.06688963210702,-0.727094413273978
"2003-11-18",2003-11-18,0.0226757369614512,1094600,-0.406578947368422,2255,0.0221729490022173,2205,2255,495,-0.968652037617555,-0.529491649687147
"2003-11-19",2003-11-19,-0.0465631929046563,1187600,-0.43421052631579,2150,0,0,2255,497,-1.06796116504854,-0.808044645326353
"2003-11-20",2003-11-20,0.00930232558139535,883800,-0.428947368421054,2170,0.00921658986175111,2150,2170,497,-0.987878787878788,-0.72706050031543
"2003-11-21",2003-11-21,0.0391705069124424,699800,-0.406578947368422,2255,0.0465631929046563,0,2255,0,5.05210643015523,-0.393078841794009
"2003-11-24",2003-11-24,0,0,-0.406578947368422,2255,0.0465631929046563,0,2255,0,-1,-0.393078841794009
"2003-11-25",2003-11-25,-0.0110864745011086,662200,-0.413157894736843,2230,0.0358744394618834,2150,2255,501,-1.01618122977346,-0.489655799488066
"2003-11-26",2003-11-26,0.031390134529148,583800,-0.394736842105264,2300,0.0304347826086957,2230,2300,501,-0.955414012738854,-0.417051824899463
"2003-11-27",2003-11-27,0.0326086956521739,837000,-0.375000000000001,2375,0.0610526315789474,0,2375,0,2.00601503759398,-0.13542180809116
"2003-11-28",2003-11-28,-0.0210526315789474,505200,-0.388157894736843,2325,0.0408602150537635,2230,2375,504,-1.03508771929825,-0.321947601829048
"2003-12-01",2003-12-01,0.0344086021505376,420000,-0.367105263157896,2405,0.0332640332640333,2325,2405,504,-0.945762711864407,-0.246686685728221
"2003-12-02",2003-12-02,-0.00207900207900208,545000,-0.36842105263158,2400,0.03125,2325,2405,506,-1.00358422939068,-0.265310134975199
"2003-12-03",2003-12-03,0.0125,518800,-0.360526315789475,2430,0.0123456790123457,2400,2430,506,-0.978571428571429,-0.326885914743434
"2003-12-04",2003-12-04,0.0493827160493827,1008200,-0.328947368421054,2550,0.0588235294117647,0,2550,0,4.76470588235292,0.109679910561541
"2003-12-05",2003-12-05,-0.00980392156862745,1093000,-0.335526315789475,2525,0.0495049504950495,2400,2550,509,-1.02,0.0207662363980144
"2003-12-08",2003-12-08,0,889200,-0.335526315789475,2525,0.0495049504950495,2400,2550,0,-1,0.0207662363980144
"2003-12-09",2003-12-09,-0.00792079207920792,421800,-0.340789473684212,2505,0.0419161676646707,2400,2550,0,-1.0156862745098,-0.0511137057707436
"2003-12-10",2003-12-10,0.00199600798403194,694000,-0.339473684210527,2510,0.0438247011952191,2400,2550,0,1.04553215708594,-0.0330803086337089
"2003-12-11",2003-12-11,0.0099601593625498,704000,-0.332894736842106,2535,0.0532544378698225,2400,2550,0,1.21516944593868,0.0564550625465961
"2003-12-12",2003-12-12,0.00591715976331361,769200,-0.328947368421054,2550,0.0176470588235295,2505,2550,509,-0.988142292490119,-0.120617006293346
"2003-12-15",2003-12-15,0.0156862745098039,437800,-0.31842105263158,2590,0.0328185328185329,0,2590,0,1.85971685971686,0.0231088078137278
"2003-12-16",2003-12-16,-0.00772200772200772,292000,-0.323684210526317,2570,0.0252918287937743,2505,2590,516,-1.01652892561983,-0.0484239322434317
"2003-12-17",2003-12-17,-0.00972762645914397,239200,-0.330263157894738,2545,0.0157170923379175,2505,2590,0,-1.02032520325203,-0.138770276343228
"2003-12-18",2003-12-18,0.00589390962671906,263000,-0.326315789473685,2560,0.021484375,2505,2590,0,1.366943359375,-0.0844369602331723
"2003-12-19",2003-12-19,-0.00390625,611600,-0.328947368421054,2550,0.0176470588235295,2505,2590,0,-1.00806451612903,-0.120617006293346
"2003-12-22",2003-12-22,0.0137254901960784,456600,-0.319736842105264,2585,0.0309477756286267,2505,2590,0,1.75370728562218,0.0052866909213497
"2003-12-23",2003-12-23,0,0,-0.319736842105264,2585,0.0309477756286267,2505,2590,0,-1,0.0052866909213497
"2003-12-24",2003-12-24,-0.00773694390715667,197000,-0.325000000000001,2565,0.0233918128654971,2505,2590,0,-1.01646090534979,-0.0664096910687304
"2003-12-25",2003-12-25,-0.00194931773879142,184000,-0.326315789473685,2560,0.021484375,2505,2590,0,-1.00404858299595,-0.0844369602331723
"2003-12-26",2003-12-26,0.01171875,184400,-0.31842105263158,2590,0.0173745173745173,2545,2590,516,-0.975806451612904,-0.0632684141726621
"2003-12-29",2003-12-29,0.00772200772200772,347400,-0.313157894736843,2610,0.024904214559387,0,2610,0,1.43337590464027,0.0082810664048818
"2003-12-30",2003-12-30,0.0344827586206897,357400,-0.289473684210527,2700,0.0574074074074075,0,2700,0,2.30512820512821,0.322533006368105
"2003-12-31",2003-12-31,0,0,-0.289473684210527,2700,0.0574074074074075,0,2700,0,-1,0.322533006368105
"2004-01-01",2004-01-01,0,0,-0.289473684210527,2700,0.0574074074074075,0,2700,0,-1,0.322533006368105
"2004-01-02",2004-01-02,0,0,-0.289473684210527,2700,0.0574074074074075,0,2700,0,-1,0.322533006368105
"2004-01-05",2004-01-05,0.0148148148148148,239600,-0.278947368421054,2740,0.0711678832116789,0,2740,0,1.23969861078408,0.458367213244852
"2004-01-06",2004-01-06,-0.0273722627737226,319800,-0.298684210526317,2665,0.0450281425891182,2545,2740,531,-1.07075471698113,0.201782921120636
"2004-01-07",2004-01-07,-0.026266416510319,395600,-0.317105263157896,2595,0.0192678227360308,2545,2740,0,-1.06167400881057,-0.0453201870448092
"2004-01-08",2004-01-08,-0.00770712909441233,504600,-0.322368421052633,2575,0.0116504854368932,2545,2740,0,-1.01659751037344,-0.117359832219279
"2004-01-09",2004-01-09,-0.00970873786407767,747800,-0.328947368421054,2550,0.00196078431372548,2545,2740,0,-1.02040816326531,-0.208349165095208
"2004-01-12",2004-01-12,0,0,-0.328947368421054,2550,0.00196078431372548,2545,2740,0,-1,-0.208349165095208
"2004-01-13",2004-01-13,0.0156862745098039,678200,-0.31842105263158,2590,0.0173745173745173,2545,2740,0,8.86100386100387,-0.0632684141726615
"2004-01-14",2004-01-14,0.0115830115830116,448400,-0.310526315789475,2620,0.0286259541984732,2545,2740,0,1.64758269720102,0.0438147015454179
"2004-01-15",2004-01-15,-0.0362595419847328,511000,-0.335526315789475,2525,0,2525,2665,538,-1.08050847457627,-0.256111244969247
"2004-01-16",2004-01-16,0.0118811881188119,263600,-0.327631578947369,2555,0.0117416829745597,2525,2555,538,-0.976470588235294,-0.146286219238698
"2004-01-19",2004-01-19,0.0215264187866928,245600,-0.313157894736843,2610,0.0325670498084292,0,2610,0,2.77362707535122,0.0511387301874014
"2004-01-20",2004-01-20,0.0210727969348659,640800,-0.298684210526317,2665,0.0525328330206379,0,2665,0,1.61306699039841,0.243756092780063
"2004-01-21",2004-01-21,-0.00938086303939963,454600,-0.305263157894738,2640,0.0435606060606061,2525,2665,542,-1.02202643171806,0.156779539176685
"2004-01-22",2004-01-22,-0.00378787878787879,317600,-0.307894736842106,2630,0.0399239543726235,2525,2665,0,-1.00862068965517,0.121721794575595
"2004-01-23",2004-01-23,-0.00570342205323194,288000,-0.311842105263159,2615,0.0344168260038241,2525,2665,0,-1.01282051282051,0.0688435019484587
"2004-01-26",2004-01-26,0.00764818355640535,448600,-0.306578947368422,2635,0.0417457305502846,2525,2665,0,1.21294539321105,0.139269964334007
"2004-01-27",2004-01-27,0.00759013282732448,694800,-0.301315789473685,2655,0.0489642184557438,2525,2665,0,1.17291559664441,0.209078874714032
"2004-01-28",2004-01-28,0.0225988700564972,1560200,-0.285526315789475,2715,0.0368324125230203,2615,2715,542,-0.947598253275109,0.229535936575174
"2004-01-29",2004-01-29,-0.0276243093922652,709600,-0.305263157894738,2640,0.00946969696969702,2615,2715,548,-1.06912442396313,-0.0338883627648615
"2004-01-30",2004-01-30,-0.00946969696969697,375000,-0.311842105263159,2615,0,2615,2640,549,-1.02155172413793,-0.123647228883542
"2004-02-02",2004-02-02,0.0210325047801147,367800,-0.297368421052633,2670,0.0205992509363296,2615,2670,549,-0.953586497890296,0.0725130712583573
"2004-02-03",2004-02-03,0.0224719101123595,1581600,-0.281578947368422,2730,0.0421245421245421,0,2730,0,2.04495504495504,0.281211757195255
"2004-02-04",2004-02-04,-0.0293040293040293,678200,-0.302631578947369,2650,0.0132075471698113,2615,2730,552,-1.07476635514019,0.00173537753720442
"2004-02-05",2004-02-05,-0.0132075471698113,717200,-0.311842105263159,2615,0,2615,2650,553,-1.0304347826087,-0.123647228883542
"2004-02-06",2004-02-06,-0.00573613766730402,631200,-0.315789473684212,2600,0,2600,2615,554,-1.0126582278481,-0.145724564897826
"2004-02-09",2004-02-09,0.0307692307692308,1330200,-0.294736842105264,2680,0.0298507462686567,2600,2680,554,-0.933333333333334,0.138974215943092
"2004-02-10",2004-02-10,-0.0111940298507463,578800,-0.302631578947369,2650,0.0188679245283019,2600,2680,556,-1.02678571428571,0.0333934442746686
"2004-02-11",2004-02-11,0,0,-0.302631578947369,2650,0.0188679245283019,2600,2680,0,-1,0.0333934442746686
"2004-02-12",2004-02-12,-0.00943396226415094,726400,-0.309210526315791,2625,0.00952380952380949,2600,2680,0,-1.02173913043478,-0.0556630513157466
"2004-02-13",2004-02-13,-0.00571428571428571,673000,-0.313157894736843,2610,0.00383141762452111,2600,2680,0,-1.01276595744681,-0.109577508997044
"2004-02-16",2004-02-16,0.0191570881226054,784600,-0.300000000000001,2660,0.0225563909774437,2600,2680,0,5.88721804511275,0.0687409849552205
"2004-02-17",2004-02-17,-0.0150375939849624,387400,-0.310526315789475,2620,0.00763358778625955,2600,2680,0,-1.03508771929825,-0.073594031965661
"2004-02-18",2004-02-18,0.00190839694656489,387000,-0.30921052631579,2625,0.00952380952380949,2600,2680,0,1.24761904761904,-0.055663051315746
"2004-02-19",2004-02-19,-0.0019047619047619,240000,-0.310526315789475,2620,0.00763358778625955,2600,2680,0,-1.00425531914894,-0.073594031965661
"2004-02-20",2004-02-20,-0.00763358778625954,619000,-0.315789473684212,2600,0,2600,2660,564,-1.01694915254237,-0.145724564897826
"2004-02-23",2004-02-23,0.0192307692307692,729200,-0.302631578947369,2650,0.0188679245283019,2600,2650,564,-0.958333333333334,0.0333934442746686
"2004-02-24",2004-02-24,0.0113207547169811,545800,-0.294736842105264,2680,0.0298507462686567,0,2680,0,1.5820895522388,0.138974215943092
"2004-02-25",2004-02-25,0.00373134328358209,941000,-0.292105263157896,2690,0.033457249070632,0,2690,0,1.12081784386617,0.173863340082184
"2004-02-26",2004-02-26,0.00743494423791822,329800,-0.286842105263159,2710,0.040590405904059,0,2710,0,1.21320213202132,0.243195000165616
"2004-02-27",2004-02-27,0.0239852398523985,1701000,-0.269736842105264,2775,0.0630630630630631,0,2775,0,1.55364455364455,0.464551345046578
"2004-03-01",2004-03-01,0.0576576576576577,1543000,-0.22763157894737,2935,0.114139693356048,0,2935,0,1.80992942321733,0.985710697994359
"2004-03-02",2004-03-02,0.0391822827938671,1436600,-0.197368421052633,3050,0.147540983606557,0,3050,0,1.29263518473208,1.34178118950723
"2004-03-03",2004-03-03,-0.00327868852459016,1094400,-0.200000000000001,3040,0.144736842105263,2600,3050,572,-1.01333333333333,1.31137961204493
"2004-03-04",2004-03-04,-0.0180921052631579,999200,-0.214473684210527,2985,0.128978224455611,2600,3050,0,-1.07236842105263,1.14229261142632
"2004-03-05",2004-03-05,-0.0184254606365159,1037200,-0.228947368421054,2930,0.112627986348123,2600,3050,0,-1.06748466257669,0.969896721885425
"2004-03-08",2004-03-08,-0.00511945392491468,956200,-0.232894736842106,2915,0.108061749571184,2600,3050,0,-1.01724137931034,0.922280765481005
"2004-03-09",2004-03-09,0.0274442538593482,1830600,-0.211842105263159,2995,0.131886477462437,2600,3050,0,1.2204732755651,1.17327647674356
"2004-03-10",2004-03-10,0,733200,-0.211842105263159,2995,0.131886477462437,2600,3050,0,-1,1.17327647674356
"2004-03-11",2004-03-11,0,642200,-0.211842105263159,2995,0.131886477462437,2600,3050,0,-1,1.17327647674356
"2004-03-12",2004-03-12,-0.00667779632721202,1470200,-0.217105263157896,2975,0.126050420168067,2600,3050,0,-1.02484472049689,1.11119939725995
"2004-03-15",2004-03-15,0.0218487394957983,498000,-0.200000000000001,3040,0.144736842105263,2600,3050,0,1.14824561403509,1.31137961204493
"2004-03-16",2004-03-16,0.00822368421052632,640800,-0.19342105263158,3065,0.0489396411092985,2915,3065,572,-0.967105263157895,0.812388599846062
"2004-03-17",2004-03-17,0.00978792822185971,626600,-0.185526315789475,3095,0.0581583198707593,0,3095,0,1.18836833602585,0.908102651926175
"2004-03-18",2004-03-18,0.00969305331179321,595800,-0.17763157894737,3125,0.0672,0,3125,0,1.15546666666667,1.0028267639093
"2004-03-19",2004-03-19,0.056,2331800,-0.131578947368422,3300,0.116666666666667,0,3300,0,1.73611111111111,1.53705904685762
"2004-03-22",2004-03-22,0,1347800,-0.131578947368422,3300,0.116666666666667,0,3300,0,-1,1.53705904685762
"2004-03-23",2004-03-23,-0.0151515151515152,1823800,-0.144736842105264,3250,0.103076923076923,2915,3300,586,-1.1,1.38746150846339
"2004-03-24",2004-03-24,-0.0446153846153846,1510000,-0.182894736842106,3105,0.0611916264090178,2915,3300,0,-1.26363636363636,0.939785932281161
"2004-03-25",2004-03-25,0.0257648953301127,1457400,-0.161842105263159,3185,0.0847723704866562,2915,3300,0,1.38535900190035,1.18941706034279
"2004-03-26",2004-03-26,0.0423861852433281,1246100,-0.126315789473685,3320,0.0647590361445783,3105,3320,586,-0.780487804878051,1.27618000402216
"2004-03-29",2004-03-29,-0.0120481927710843,680100,-0.136842105263159,3280,0.0533536585365854,3105,3320,590,-1.08333333333333,1.15351768501597
"2004-03-30",2004-03-30,0.00304878048780488,510500,-0.134210526315791,3290,0.0562310030395137,3105,3320,0,1.05392965696917,1.18432868138522
"2004-03-31",2004-03-31,-0.033434650455927,992100,-0.163157894736843,3180,0.0235849056603774,3105,3320,0,-1.2156862745098,0.839841039060598
"2004-04-01",2004-04-01,0.0314465408805031,903200,-0.136842105263159,3280,0.0533536585365854,3105,3320,0,2.26219512195121,1.15351768501596
"2004-04-02",2004-04-02,-0.00304878048780488,596400,-0.139473684210528,3270,0.0504587155963303,3105,3320,0,-1.01923076923077,1.12260826190445
"2004-04-05",2004-04-05,-0.0152905198776758,738200,-0.15263157894737,3220,0.0357142857142857,3105,3320,0,-1.09433962264151,0.966552649536112
"2004-04-06",2004-04-06,-0.0093167701863354,800500,-0.160526315789475,3190,0.0266457680250783,3105,3320,0,-1.05172413793103,0.871678437089595
"2004-04-07",2004-04-07,0.0156739811912226,562400,-0.147368421052633,3240,0.0416666666666666,3105,3320,0,1.56372549019608,1.02928031852908
"2004-04-08",2004-04-08,0,411400,-0.147368421052633,3240,0.0416666666666666,3105,3320,0,-1,1.02928031852908
"2004-04-09",2004-04-09,-0.0493827160493827,876100,-0.189473684210528,3080,0,3080,3290,599,-1.28571428571428,0.560750187559269
"2004-04-12",2004-04-12,0.0194805194805195,444000,-0.173684210526317,3140,0.0191082802547771,3080,3140,599,-0.916666666666668,0.755930712322495
"2004-04-13",2004-04-13,-0.00318471337579618,567900,-0.176315789473686,3130,0.0159744408945687,3080,3140,601,-1.01515151515152,0.723685159421877
"2004-04-14",2004-04-14,-0.012779552715655,657100,-0.186842105263159,3090,0.00323624595469252,3080,3140,0,-1.05970149253731,0.593568492875001
"2004-04-15",2004-04-15,-0.029126213592233,855600,-0.210526315789475,3000,0,3000,3130,603,-1.12676056338028,0.443004395483086
"2004-04-16",2004-04-16,-0.00333333333333333,678300,-0.213157894736843,2990,0,2990,3000,604,-1.0125,0.428286171473563
"2004-04-19",2004-04-19,0.0167224080267559,573800,-0.200000000000001,3040,0.0164473684210527,2990,3040,604,-0.938271604938272,0.593866191580696
"2004-04-20",2004-04-20,0.0230263157894737,1162400,-0.181578947368422,3110,0.0385852090032154,0,3110,0,2.34598070739549,0.820709044421998
"2004-04-21",2004-04-21,0.00643086816720257,352500,-0.176315789473686,3130,0.0447284345047924,0,3130,0,1.15921192758254,0.884504092688868
"2004-04-22",2004-04-22,-0.0255591054313099,257700,-0.197368421052633,3050,0.019672131147541,2990,3130,608,-1.11940298507463,0.626620272060903
"2004-04-23",2004-04-23,0.00655737704918033,441600,-0.192105263157896,3070,0.0260586319218241,2990,3130,0,1.32464712269273,0.691775940712447
"2004-04-26",2004-04-26,0.0162866449511401,504400,-0.178947368421054,3120,0.0416666666666666,2990,3130,0,1.59895833333333,0.852661630414804
"2004-04-27",2004-04-27,0.00961538461538462,295700,-0.171052631578949,3150,0.0317460317460317,3050,3150,608,-0.955882352941177,0.841330934153504
"2004-04-28",2004-04-28,-0.0222222222222222,368400,-0.189473684210528,3080,0.00974025974025972,3050,3150,612,-1.10769230769231,0.615226730971138
"2004-04-29",2004-04-29,0,0,-0.189473684210528,3080,0.00974025974025972,3050,3150,0,-1,0.615226730971138
"2004-04-30",2004-04-30,0.00324675324675325,4e+05,-0.186842105263159,3090,0.0129449838187702,3050,3150,0,1.32901833872708,0.647868736793628
"2004-05-03",2004-05-03,0,0,-0.186842105263159,3090,0.0129449838187702,3050,3150,0,-1,0.647868736793628
"2004-05-04",2004-05-04,0,0,-0.186842105263159,3090,0.0129449838187702,3050,3150,0,-1,0.647868736793628
"2004-05-05",2004-05-05,0,0,-0.186842105263159,3090,0.0129449838187702,3050,3150,0,-1,0.647868736793628
"2004-05-06",2004-05-06,-0.0258899676375405,546800,-0.207894736842107,3010,0,3010,3090,618,-1.11267605633803,0.457722619492608
"2004-05-07",2004-05-07,-0.026578073089701,513700,-0.228947368421054,2930,0,2930,3010,619,-1.10126582278481,0.339976827416426
"2004-05-10",2004-05-10,-0.0511945392491468,889100,-0.26842105263158,2780,0,2780,2930,620,-1.17241379310345,0.119203467273584
"2004-05-11",2004-05-11,0.0143884892086331,756900,-0.257894736842107,2820,0.0141843971631206,2780,2820,620,-0.960784313725491,0.257408634568677
"2004-05-12",2004-05-12,0.074468085106383,731200,-0.20263157894737,3030,0.0825082508250825,0,3030,0,5.81683168316831,0.948621536457089
"2004-05-13",2004-05-13,-0.0297029702970297,490000,-0.226315789473686,2940,0.0544217687074829,2780,3030,623,-1.11688311688312,0.659071928901794
"2004-05-14",2004-05-14,0.0238095238095238,998300,-0.207894736842107,3010,0.0764119601328903,2780,3030,0,1.40406976744186,0.885088991064799
"2004-05-17",2004-05-17,-0.0398671096345515,554700,-0.239473684210528,2890,0.0380622837370242,2780,3030,0,-1.15189873417721,0.493983434353439
"2004-05-18",2004-05-18,-0.0588235294117647,1314700,-0.284210526315791,2720,0,2720,3010,626,-1.18681318681319,0.0308941232164456
"2004-05-19",2004-05-19,0.0477941176470588,1378000,-0.250000000000001,2850,0.0456140350877193,2720,2850,626,-0.87962962962963,0.477346918171972
"2004-05-20",2004-05-20,-0.0105263157894737,678700,-0.257894736842107,2820,0.0354609929078015,2720,2850,628,-1.03157894736842,0.376407041454181
"2004-05-21",2004-05-21,0.0212765957446809,633300,-0.242105263157896,2880,0.0208333333333334,2820,2880,628,-0.938775510204083,0.382904980777533
"2004-05-24",2004-05-24,-0.0625,1729500,-0.289473684210528,2700,0,0,2880,630,-1.19565217391304,0.00145767519739986
"2004-05-25",2004-05-25,-0.0185185185185185,2261900,-0.30263157894737,2650,0,2650,2700,631,-1.04545454545454,-0.0721334448502139
"2004-05-26",2004-05-26,0.0377358490566038,1397800,-0.276315789473686,2750,0.0363636363636364,2650,2750,631,-0.91304347826087,0.27842789064933
"2004-05-27",2004-05-27,0.0254545454545455,895100,-0.257894736842107,2820,0.0602836879432624,0,2820,0,1.65780141843972,0.515238516153935
"2004-05-28",2004-05-28,0.0141843971631206,2220400,-0.247368421052633,2860,0.0734265734265734,0,2860,0,1.21801727684081,0.647618586608479
"2004-05-31",2004-05-31,-0.020979020979021,1147500,-0.263157894736843,2800,0.0535714285714286,2650,2860,635,-1.06382978723404,0.448260904057915
"2004-06-01",2004-06-01,-0.00357142857142857,427200,-0.265789473684212,2790,0.0501792114695341,2650,2860,0,-1.01,0.414570263794437
"2004-06-02",2004-06-02,-0.010752688172043,402900,-0.273684210526317,2760,0.0398550724637681,2650,2860,0,-1.02970297029703,0.312673455340789
"2004-06-03",2004-06-03,-0.036231884057971,851600,-0.300000000000001,2660,0.00375939849624063,2650,2860,0,-1.09615384615385,-0.0363891865413725
"2004-06-04",2004-06-04,0.0150375939849624,612500,-0.289473684210528,2700,0.0185185185185185,2650,2860,0,4.92592592592588,0.105030362671821
"2004-06-07",2004-06-07,0.0111111111111111,888500,-0.281578947368422,2730,0.0293040293040293,2650,2860,0,1.58241758241759,0.209507588943733
"2004-06-08",2004-06-08,0.032967032967033,1005500,-0.257894736842107,2820,0.0602836879432624,2650,2860,0,2.05718085106383,0.515238516153935
"2004-06-09",2004-06-09,0.0106382978723404,729600,-0.250000000000001,2850,0.0701754385964912,2650,2860,0,1.1640866873065,0.614717008927519
"2004-06-10",2004-06-10,0.00350877192982456,667600,-0.247368421052633,2860,0.0699300699300699,2660,2860,635,-0.989473684210526,0.628062904358065
"2004-06-11",2004-06-11,0.0104895104895105,1125600,-0.239473684210528,2890,0.0795847750865052,0,2890,0,1.13806228373702,0.726215619417191
"2004-06-14",2004-06-14,0.0069204152249135,345200,-0.234210526315791,2910,0.0859106529209622,0,2910,0,1.07948603018079,0.791032228505514
"2004-06-15",2004-06-15,0.013745704467354,879300,-0.223684210526317,2950,0.0983050847457627,0,2950,0,1.14427118644068,0.919226253689511
"2004-06-16",2004-06-16,-0.0101694915254237,337500,-0.231578947368422,2920,0.089041095890411,2660,2950,647,-1.03529411764706,0.823258785646923
"2004-06-17",2004-06-17,0.00342465753424658,447900,-0.228947368421054,2930,0.0921501706484642,2660,2950,0,1.03491730112891,0.855365831981969
"2004-06-18",2004-06-18,-0.037542662116041,494500,-0.257894736842107,2820,0.0567375886524822,2660,2950,0,-1.12643678160919,0.495405448339685
"2004-06-21",2004-06-21,0.0354609929078014,830600,-0.231578947368422,2920,0.089041095890411,2660,2950,0,1.56934931506849,0.823258785646922
"2004-06-22",2004-06-22,-0.0342465753424658,521400,-0.257894736842107,2820,0.0567375886524822,2660,2950,0,-1.11363636363636,0.495405448339684
"2004-06-23",2004-06-23,-0.0319148936170213,1342700,-0.281578947368422,2730,0.0256410256410257,2660,2950,0,-1.09183673469388,0.189020683729012
"2004-06-24",2004-06-24,0,610800,-0.281578947368422,2730,0.0256410256410257,2660,2950,0,-1,0.189020683729012
"2004-06-25",2004-06-25,-0.00366300366300366,352100,-0.284210526315791,2720,0.0220588235294118,2660,2950,0,-1.00934579439252,0.154267471531564
"2004-06-28",2004-06-28,-0.0110294117647059,902700,-0.292105263157896,2690,0.0111524163568774,2660,2950,0,-1.02777777777778,0.0491140808193135
"2004-06-29",2004-06-29,0.0260223048327138,638400,-0.273684210526317,2760,0.0362318840579711,2660,2950,0,3.24879227053139,0.292409233878403
"2004-06-30",2004-06-30,0.0181159420289855,651900,-0.260526315789475,2810,0.0533807829181495,2660,2950,0,1.47330960854092,0.461912861203505
"2004-07-01",2004-07-01,-0.00355871886120996,404700,-0.263157894736843,2800,0.05,2660,2950,0,-1.01010101010101,0.428286171473563
"2004-07-02",2004-07-02,-0.0321428571428571,643300,-0.286842105263159,2710,0.018450184501845,2660,2950,0,-1.09,0.119366399642693
"2004-07-05",2004-07-05,-0.003690036900369,561300,-0.289473684210527,2700,0.0148148148148148,2660,2950,0,-1.00917431192661,0.0843158251769378
"2004-07-06",2004-07-06,0,271600,-0.289473684210527,2700,0.0148148148148148,2660,2950,0,-1,0.0843158251769378
"2004-07-07",2004-07-07,0,423600,-0.289473684210527,2700,0.0148148148148148,2660,2950,0,-1,0.0843158251769378
"2004-07-08",2004-07-08,0.0037037037037037,472200,-0.286842105263159,2710,0.018450184501845,2660,2950,0,1.24538745387454,0.119366399642693
"2004-07-09",2004-07-09,0,839600,-0.286842105263159,2710,0.018450184501845,2660,2950,0,-1,0.119366399642693
"2004-07-12",2004-07-12,0.025830258302583,579600,-0.26842105263158,2780,0.0431654676258992,2660,2950,0,2.33956834532374,0.360624695631225
"2004-07-13",2004-07-13,-0.0143884892086331,406600,-0.278947368421054,2740,0.0291970802919708,2660,2950,0,-1.03921568627451,0.223627655136768
"2004-07-14",2004-07-14,-0.00364963503649635,478000,-0.281578947368422,2730,0.0256410256410257,2660,2950,0,-1.00943396226415,0.189020683729013
"2004-07-15",2004-07-15,0.0293040293040293,905900,-0.260526315789475,2810,0.0533807829181495,2660,2950,0,2.08185053380783,0.461912861203505
"2004-07-16",2004-07-16,0,460100,-0.260526315789475,2810,0.0533807829181495,2660,2950,0,-1,0.461912861203505
"2004-07-19",2004-07-19,0,0,-0.260526315789475,2810,0.0533807829181495,2660,2950,0,-1,0.461912861203505
"2004-07-20",2004-07-20,-0.00355871886120996,289500,-0.263157894736843,2800,0.05,2660,2950,0,-1.01010101010101,0.428286171473563
"2004-07-21",2004-07-21,0.025,870500,-0.244736842105264,2870,0.073170731707317,2660,2950,0,1.46341463414634,0.660905907038704
"2004-07-22",2004-07-22,0.0174216027874564,1695900,-0.231578947368422,2920,0.089041095890411,2660,2950,0,1.21689497716895,0.823258785646922
"2004-07-23",2004-07-23,0.00342465753424658,606100,-0.228947368421054,2930,0.0921501706484642,2660,2950,0,1.03491730112891,0.855365831981969
"2004-07-26",2004-07-26,-0.0307167235494881,308400,-0.25263157894737,2840,0.0633802816901409,2660,2950,0,-1.10344827586207,0.561993981137538
"2004-07-27",2004-07-27,-0.0176056338028169,544500,-0.265789473684212,2790,0.046594982078853,2660,2950,0,-1.05208333333333,0.394523937186486
"2004-07-28",2004-07-28,0.025089605734767,491500,-0.247368421052633,2860,0.0699300699300699,2660,2950,0,1.50080688542227,0.628062904358065
"2004-07-29",2004-07-29,0.0034965034965035,411100,-0.244736842105265,2870,0.073170731707317,2660,2950,0,1.04634146341463,0.660905907038703
"2004-07-30",2004-07-30,-0.0104529616724739,536300,-0.25263157894737,2840,0.0633802816901409,2660,2950,0,-1.03225806451613,0.561993981137538
"2004-08-02",2004-08-02,0.00704225352112676,562000,-0.247368421052633,2860,0.0699300699300699,2660,2950,0,1.1033411033411,0.628062904358065
"2004-08-03",2004-08-03,-0.00699300699300699,339100,-0.25263157894737,2840,0.0633802816901409,2660,2950,0,-1.02127659574468,0.561993981137538
"2004-08-04",2004-08-04,-0.0176056338028169,624700,-0.265789473684212,2790,0.046594982078853,2660,2950,0,-1.05208333333333,0.394523937186486
"2004-08-05",2004-08-05,-0.032258064516129,757400,-0.289473684210528,2700,0.0148148148148148,2660,2950,0,-1.08910891089109,0.0843158251769372
"2004-08-06",2004-08-06,-0.0037037037037037,498100,-0.292105263157896,2690,0.0111524163568774,2660,2950,0,-1.00909090909091,0.0491140808193135
"2004-08-09",2004-08-09,-0.00371747211895911,428200,-0.294736842105264,2680,0.0074626865671642,2660,2950,0,-1.00900900900901,0.0137594743695396
"2004-08-10",2004-08-10,-0.00746268656716418,661500,-0.300000000000001,2660,0,2660,2930,686,-1.01785714285714,-0.0574152208406904
"2004-08-11",2004-08-11,0.0112781954887218,375800,-0.292105263157896,2690,0.0111524163568774,2660,2690,686,-0.973684210526316,0.0491140808193135
"2004-08-12",2004-08-12,-0.00371747211895911,450400,-0.294736842105264,2680,0.0074626865671642,2660,2690,688,-1.00900900900901,0.0137594743695396
"2004-08-13",2004-08-13,0.00746268656716418,1183000,-0.289473684210528,2700,0.00740740740740742,2680,2700,688,-0.982142857142858,0.0428867501871679
"2004-08-16",2004-08-16,-0.0259259259259259,642800,-0.307894736842107,2630,0,0,2700,690,-1.06363636363636,-0.10156989286926
"2004-08-17",2004-08-17,-0.0228136882129278,687900,-0.323684210526317,2570,0,2570,2630,691,-1.05128205128205,-0.189879236926396
"2004-08-18",2004-08-18,0.0116731517509728,687600,-0.315789473684212,2600,0.0115384615384615,2570,2600,691,-0.975609756097561,-0.0811908134714586
"2004-08-19",2004-08-19,0.0115384615384615,313300,-0.307894736842107,2630,0.0228136882129277,0,2630,0,1.97718631178708,0.0260253570992271
"2004-08-20",2004-08-20,0.0152091254752852,494300,-0.297368421052633,2670,0.0374531835205992,0,2670,0,1.64169787765293,0.166775854240692
"2004-08-23",2004-08-23,0.00374531835205993,481300,-0.294736842105265,2680,0.0410447761194029,0,2680,0,1.09589552238806,0.201581586729867
"2004-08-24",2004-08-24,-0.0186567164179104,516800,-0.307894736842107,2630,0.0228136882129277,2570,2680,696,-1.04464285714286,0.0260253570992271
"2004-08-25",2004-08-25,-0.0152091254752852,1054300,-0.31842105263158,2590,0.00772200772200771,2570,2680,0,-1.03418803418803,-0.117254177914157
"2004-08-26",2004-08-26,0.00772200772200772,856600,-0.313157894736844,2610,0.0153256704980843,2570,2680,0,1.98467432950192,-0.0452910133232681
"2004-08-27",2004-08-27,-0.00766283524904215,754800,-0.31842105263158,2590,0.00772200772200771,2570,2680,0,-1.01680672268908,-0.117254177914157
"2004-08-30",2004-08-30,0.00386100386100386,917500,-0.315789473684212,2600,0.0115384615384615,2570,2680,0,1.49423076923077,-0.0811908134714592
"2004-08-31",2004-08-31,0.0153846153846154,1019400,-0.305263157894738,2640,0.0265151515151515,2570,2680,0,2.2979797979798,0.0614455882059098
"2004-09-01",2004-09-01,0.0303030303030303,1048900,-0.284210526315791,2720,0.0477941176470589,2590,2720,696,1.80252100840336,0.298203044565867
"2004-09-02",2004-09-02,0.00735294117647059,715400,-0.278947368421054,2740,0.0547445255474452,0,2740,0,1.14542391914655,0.366512603550382
"2004-09-03",2004-09-03,0.00364963503649635,1131300,-0.276315789473686,2750,0.0581818181818182,0,2750,0,1.06278787878788,0.400455347891918
"2004-09-06",2004-09-06,0.00727272727272727,461400,-0.271052631578949,2770,0.0649819494584838,0,2770,0,1.11687725631769,0.467924420972132
"2004-09-07",2004-09-07,-0.0036101083032491,543000,-0.273684210526317,2760,0.0615942028985508,2590,2770,706,-1.00970873786408,0.434258784115108
"2004-09-08",2004-09-08,0.0471014492753623,4366100,-0.239473684210528,2890,0.0449826989619377,2760,2890,706,-0.875000000000002,0.532688798530729
"2004-09-09",2004-09-09,-0.0207612456747405,1687200,-0.255263157894738,2830,0.0247349823321554,2760,2890,708,-1.06593406593406,0.331135491438972
"2004-09-10",2004-09-10,0.00353356890459364,1878200,-0.25263157894737,2840,0.028169014084507,2760,2890,0,1.13883299798793,0.365059997911526
"2004-09-13",2004-09-13,0.00352112676056338,2361800,-0.250000000000002,2850,0.031578947368421,2760,2890,0,1.12105263157895,0.398849723454516
"2004-09-14",2004-09-14,-0.0280701754385965,2060800,-0.271052631578949,2770,0.00361010830324915,2760,2890,0,-1.08421052631579,0.124676308692286
"2004-09-15",2004-09-15,-0.0108303249097473,1270800,-0.278947368421054,2740,0,2740,2850,712,-1.02912621359223,0.0603305712354908
"2004-09-16",2004-09-16,0,787100,-0.278947368421054,2740,0,2740,2740,712,-1,0.0603305712354908
"2004-09-17",2004-09-17,0.0182481751824818,1276400,-0.265789473684212,2790,0.017921146953405,0,2790,0,-0.952830188679246,0.234153324322866
"2004-09-20",2004-09-20,0,0,-0.265789473684212,2790,0.017921146953405,0,2790,0,-1,0.234153324322866
"2004-09-21",2004-09-21,-0.00716845878136201,1078000,-0.271052631578949,2770,0.0108303249097473,2740,2790,716,-1.01980198019802,0.165058439548738
"2004-09-22",2004-09-22,0.0072202166064982,1614500,-0.265789473684212,2790,0.00716845878136196,2770,2790,716,-0.980582524271845,0.174014344499009
"2004-09-23",2004-09-23,0,0,-0.265789473684212,2790,0.00716845878136196,0,2790,0,-1,0.174014344499009
"2004-09-24",2004-09-24,-0.028673835125448,2182600,-0.286842105263159,2710,0,0,2790,719,-1.07920792079208,0.0161758992069227
"2004-09-27",2004-09-27,0.0479704797047971,2745400,-0.25263157894737,2840,0.045774647887324,2710,2840,719,-0.880733944954129,0.463526989524532
"2004-09-28",2004-09-28,-0.0140845070422535,3792000,-0.263157894736844,2800,0.0321428571428571,2710,2840,721,-1.04166666666667,0.3284125085518
"2004-09-29",2004-09-29,0.0142857142857143,6042500,-0.25263157894737,2840,0.0140845070422535,2800,2840,721,-0.960000000000001,0.286286404621123
"2004-09-30",2004-09-30,0.0387323943661972,17410000,-0.223684210526317,2950,0.0508474576271186,0,2950,0,3.61016949152543,0.653799298670318
"2004-10-01",2004-10-01,-0.0135593220338983,4101400,-0.234210526315791,2910,0.0378006872852233,2800,2950,724,-1.04705882352941,0.521956793004957
"2004-10-04",2004-10-04,0.0171821305841924,1293400,-0.221052631578949,2960,0.0168918918918919,2910,2960,724,-0.943820224719101,0.478606585992606
"2004-10-05",2004-10-05,0.00337837837837838,750000,-0.218421052631581,2970,0.0202020202020202,0,2970,0,1.1959595959596,0.511838109790246
"2004-10-06",2004-10-06,0.0134680134680135,2173800,-0.207894736842107,3010,0.0332225913621262,0,3010,0,1.64451827242525,0.643534085393559
"2004-10-07",2004-10-07,-0.00332225913621262,1200000,-0.210526315789475,3000,0.03,2910,3010,728,-1.0126582278481,0.610792149191644
"2004-10-08",2004-10-08,-0.00333333333333333,1583500,-0.213157894736844,2990,0.0267558528428093,2910,3010,0,-1.0125,0.577929653041954
"2004-10-11",2004-10-11,0,0,-0.213157894736844,2990,0.0267558528428093,2910,3010,0,-1,0.577929653041954
"2004-10-12",2004-10-12,-0.0167224080267559,842100,-0.226315789473686,2940,0.0102040816326531,2910,3010,0,-1.06172839506173,0.411765715952667
"2004-10-13",2004-10-13,0,643200,-0.226315789473686,2940,0.0102040816326531,2910,3010,0,-1,0.411765715952667
"2004-10-14",2004-10-14,-0.0238095238095238,717600,-0.244736842105265,2870,0,2870,3000,733,-1.08139534883721,0.251667483359286
"2004-10-15",2004-10-15,0.00696864111498258,886600,-0.239473684210528,2890,0.00692041522491349,2870,2890,733,-0.978494623655914,0.319809295555624
"2004-10-18",2004-10-18,-0.00346020761245675,547600,-0.242105263157896,2880,0.00347222222222221,2870,2890,735,-1.01098901098901,0.285805586270263
"2004-10-19",2004-10-19,0,724200,-0.242105263157896,2880,0.00347222222222221,2870,2890,0,-1,0.285805586270263
"2004-10-20",2004-10-20,-0.0104166666666667,591300,-0.250000000000002,2850,0,2850,2880,737,-1.03260869565217,0.222231035340241
"2004-10-21",2004-10-21,-0.00701754385964912,365400,-0.255263157894739,2830,0,2830,2850,738,-1.02105263157895,0.192794587321195
"2004-10-22",2004-10-22,0.00706713780918728,401600,-0.250000000000002,2850,0.00701754385964914,2830,2850,738,-0.979381443298969,0.261479632698969
"2004-10-25",2004-10-25,-0.0210526315789474,825000,-0.265789473684212,2790,0,0,2850,740,-1.06315789473684,0.133921691283105
"2004-10-26",2004-10-26,0.00716845878136201,580900,-0.260526315789475,2810,0.00711743772241991,2790,2810,740,-0.98019801980198,0.203165435555664
"2004-10-27",2004-10-27,0,460100,-0.260526315789475,2810,0.00711743772241991,0,2810,0,-1,0.203165435555664
"2004-10-28",2004-10-28,0,548100,-0.260526315789475,2810,0.00711743772241991,0,2810,0,-1,0.203165435555664
"2004-10-29",2004-10-29,0.0106761565836299,340800,-0.25263157894737,2840,0.0176056338028169,0,2840,0,2.47359154929578,0.305979802943724
"2004-11-01",2004-11-01,0.00704225352112676,259400,-0.247368421052633,2860,0.0244755244755245,0,2860,0,1.39020979020979,0.373839035102669
"2004-11-02",2004-11-02,0,981600,-0.247368421052633,2860,0.0244755244755245,0,2860,0,-1,0.373839035102669
"2004-11-03",2004-11-03,0,0,-0.247368421052633,2860,0.0244755244755245,0,2860,0,-1,0.373839035102669
"2004-11-04",2004-11-04,0,374300,-0.247368421052633,2860,0.0244755244755245,0,2860,0,-1,0.373839035102669
"2004-11-05",2004-11-05,0.0034965034965035,561500,-0.244736842105265,2870,0.0278745644599303,0,2870,0,1.13887506222001,0.40756783523716
"2004-11-08",2004-11-08,-0.0104529616724739,453600,-0.25263157894737,2840,0.0176056338028169,2790,2870,750,-1.03225806451613,0.305979802943724
"2004-11-09",2004-11-09,-0.00352112676056338,431700,-0.255263157894738,2830,0.0141342756183745,2790,2870,0,-1.01041666666667,0.271846532531354
"2004-11-10",2004-11-10,0,521200,-0.255263157894738,2830,0.0141342756183745,2790,2870,0,-1,0.271846532531354
"2004-11-11",2004-11-11,-0.0176678445229682,441700,-0.26842105263158,2780,0,2780,2840,753,-1.05154639175258,0.119203467273582
"2004-11-12",2004-11-12,0.0179856115107914,1367300,-0.255263157894738,2830,0.0176678445229682,2780,2830,753,-0.950980392156863,0.291609518833894
"2004-11-15",2004-11-15,0.0247349823321555,709600,-0.23684210526316,2900,0.0413793103448276,0,2900,0,2.34206896551724,0.527253539813455
"2004-11-16",2004-11-16,-0.00689655172413793,455600,-0.242105263157896,2880,0.0347222222222222,2780,2900,756,-1.02222222222222,0.460584496383347
"2004-11-17",2004-11-17,-0.00694444444444444,417100,-0.247368421052633,2860,0.027972027972028,2780,2900,0,-1.02173913043478,0.393394717353084
"2004-11-18",2004-11-18,0,380900,-0.247368421052633,2860,0.027972027972028,2780,2900,0,-1,0.393394717353084
"2004-11-19",2004-11-19,0.0174825174825175,761600,-0.234210526315791,2910,0.0171821305841925,2860,2910,756,-0.946808510638299,0.406638749219005
"2004-11-22",2004-11-22,-0.0171821305841924,534800,-0.247368421052633,2860,0,0,2910,760,-1.0561797752809,0.236949259349764
"2004-11-23",2004-11-23,0,0,-0.247368421052633,2860,0,2860,2860,760,-1,0.236949259349764
"2004-11-24",2004-11-24,0.0104895104895105,260400,-0.239473684210528,2890,0.0103806228373703,0,2890,0,-0.96808510638298,0.33916197764427
"2004-11-25",2004-11-25,0,306700,-0.239473684210528,2890,0.0103806228373703,0,2890,0,-1,0.33916197764427
"2004-11-26",2004-11-26,-0.00346020761245675,452100,-0.242105263157896,2880,0.00694444444444442,2860,2890,764,-1.01098901098901,0.305225465171717
"2004-11-29",2004-11-29,-0.00347222222222222,482000,-0.244736842105265,2870,0.00348432055749126,2860,2890,0,-1.01086956521739,0.27115502734402
"2004-11-30",2004-11-30,-0.0174216027874564,777100,-0.257894736842107,2820,0,2820,2880,766,-1.05376344086021,0.178076363311672
"2004-12-01",2004-12-01,0,954500,-0.257894736842107,2820,0,2820,2820,766,-1,0.178076363311672
"2004-12-02",2004-12-02,-0.024822695035461,1146500,-0.276315789473686,2750,0,0,2820,768,-1.07142857142857,0.0750487952450124
"2004-12-03",2004-12-03,-0.00363636363636364,602800,-0.278947368421054,2740,0,2740,2750,769,-1.00952380952381,0.0603305712354901
"2004-12-06",2004-12-06,-0.0109489051094891,738200,-0.28684210526316,2710,0,2710,2740,770,-1.02830188679245,0.0161758992069209
"2004-12-07",2004-12-07,-0.014760147601476,860500,-0.297368421052633,2670,0,2670,2710,771,-1.03669724770642,-0.0426969968311694
"2004-12-08",2004-12-08,0.00749063670411985,1921900,-0.292105263157897,2690,0.00743494423791824,2670,2690,771,-0.982300884955753,0.028322537608832
"2004-12-09",2004-12-09,-0.0111524163568773,1124200,-0.300000000000002,2660,0,0,2690,773,-1.02702702702703,-0.0574152208406929
"2004-12-10",2004-12-10,-0.0112781954887218,3945600,-0.307894736842107,2630,0,2630,2660,774,-1.02631578947368,-0.101569892869261
"2004-12-13",2004-12-13,0,1027200,-0.307894736842107,2630,0,2630,2630,774,-1,-0.101569892869261
"2004-12-14",2004-12-14,0,800800,-0.307894736842107,2630,0,0,2630,0,-1,-0.101569892869261
"2004-12-15",2004-12-15,-0.00760456273764259,1440700,-0.313157894736844,2610,0,0,2630,777,-1.01709401709402,-0.131006340888307
"2004-12-16",2004-12-16,0.00766283524904215,883100,-0.307894736842107,2630,0.00760456273764254,2610,2630,777,-0.983193277310924,-0.0590381428797655
"2004-12-17",2004-12-17,0.0152091254752852,1355300,-0.297368421052633,2670,0.0224719101123596,0,2670,0,2.95505617977531,0.0829867138119472
"2004-12-20",2004-12-20,0.00749063670411985,452700,-0.292105263157896,2690,0.0297397769516728,0,2690,0,1.32342007434944,0.153071796871703
"2004-12-21",2004-12-21,-0.0148698884758364,531000,-0.30263157894737,2650,0.0150943396226415,2610,2690,781,-1.03603603603604,0.0122880664496894
"2004-12-22",2004-12-22,0.0150943396226415,495100,-0.292105263157897,2690,0.0148698884758365,2650,2690,781,-0.965217391304349,0.0699056240297888
"2004-12-23",2004-12-23,0,0,-0.292105263157897,2690,0.0148698884758365,0,2690,0,-1,0.0699056240297888
"2004-12-24",2004-12-24,0.0148698884758364,396100,-0.281578947368423,2730,0.0293040293040293,0,2730,0,1.97069597069596,0.20950758894373
"2004-12-27",2004-12-27,-0.0146520146520147,333100,-0.292105263157896,2690,0.0148698884758365,2650,2730,785,-1.03738317757009,0.06990562402979
"2004-12-28",2004-12-28,0.0185873605947955,339100,-0.278947368421054,2740,0.0182481751824818,2690,2740,785,1.2271897810219,0.162391248673787
"2004-12-29",2004-12-29,-0.0072992700729927,323200,-0.284210526315791,2720,0.0110294117647058,2690,2740,787,-1.0188679245283,0.0925807973740031
"2004-12-30",2004-12-30,0.0147058823529412,230000,-0.273684210526318,2760,0.0144927536231884,2720,2760,787,1.31400966183575,0.17082390510408
"2004-12-31",2004-12-31,0,0,-0.273684210526318,2760,0.0144927536231884,0,2760,0,-1,0.17082390510408
"2005-01-03",2005-01-03,0,0,-0.273684210526318,2760,0.0144927536231884,0,2760,0,-1,0.17082390510408
"2005-01-04",2005-01-04,-0.0108695652173913,342500,-0.281578947368423,2730,0.00366300366300365,2720,2760,791,-1.02884615384615,0.066099252440687
"2005-01-05",2005-01-05,-0.0183150183150183,869600,-0.294736842105265,2680,0,2680,2730,792,-1.04672897196262,-0.0279787728216478
"2005-01-06",2005-01-06,0,881000,-0.294736842105265,2680,0,2680,2680,792,-1,-0.0279787728216478
"2005-01-07",2005-01-07,0,689300,-0.294736842105265,2680,0,0,2680,0,-1,-0.0279787728216478
"2005-01-10",2005-01-10,0,0,-0.294736842105265,2680,0,0,2680,0,-1,-0.0279787728216478
"2005-01-11",2005-01-11,0.0186567164179104,761500,-0.281578947368423,2730,0.0183150183150184,0,2730,0,-0.955357142857143,0.148046873299568
"2005-01-12",2005-01-12,-0.0256410256410256,835200,-0.300000000000002,2660,0,0,2730,797,-1.06542056074766,-0.0574152208406935
"2005-01-13",2005-01-13,-0.0075187969924812,511100,-0.305263157894739,2640,0,2640,2660,798,-1.01754385964912,-0.0868516688597393
"2005-01-14",2005-01-14,0,1501100,-0.305263157894739,2640,0,2640,2640,798,-1,-0.0868516688597393
"2005-01-17",2005-01-17,-0.00757575757575758,913600,-0.310526315789476,2620,0,0,2640,800,-1.01724137931034,-0.116288116878785
"2005-01-18",2005-01-18,0.0152671755725191,762300,-0.300000000000002,2660,0.0150375939849624,2620,2660,800,-0.966101694915254,0.0266889163565798
"2005-01-19",2005-01-19,-0.0150375939849624,449800,-0.310526315789476,2620,0,0,2660,802,-1.03508771929825,-0.116288116878785
"2005-01-20",2005-01-20,-0.00381679389312977,585700,-0.313157894736844,2610,0,2610,2620,803,-1.00847457627119,-0.131006340888307
"2005-01-21",2005-01-21,-0.0153256704980843,859200,-0.323684210526318,2570,0,2570,2610,804,-1.03361344537815,-0.189879236926399
"2005-01-24",2005-01-24,0,970800,-0.323684210526318,2570,0,2570,2570,804,-1,-0.189879236926399
"2005-01-25",2005-01-25,0.00389105058365759,771100,-0.321052631578949,2580,0.00387596899224807,0,2580,0,-0.991869918699187,-0.153483008561765
"2005-01-26",2005-01-26,0.0193798449612403,1572500,-0.307894736842107,2630,0.0228136882129277,0,2630,0,5.88593155893534,0.0260253570992252
"2005-01-27",2005-01-27,0,793700,-0.307894736842107,2630,0.0228136882129277,0,2630,0,-1,0.0260253570992252
"2005-01-28",2005-01-28,-0.00380228136882129,453000,-0.310526315789476,2620,0.0190839694656488,2570,2630,809,-1.00854700854701,-0.00955290459598599
"2005-01-31",2005-01-31,0,658100,-0.310526315789476,2620,0.0190839694656488,2570,2630,0,-1,-0.00955290459598599
"2005-02-01",2005-02-01,0.00763358778625954,600600,-0.305263157894739,2640,0.00757575757575757,2620,2640,809,-0.983050847457627,-0.0444810239838403
"2005-02-02",2005-02-02,0.0151515151515152,1048800,-0.294736842105265,2680,0.0223880597014925,0,2680,0,2.95522388059701,0.0972359687519032
"2005-02-03",2005-02-03,0,576300,-0.294736842105265,2680,0.0223880597014925,0,2680,0,-1,0.0972359687519032
"2005-02-04",2005-02-04,0.0186567164179104,1475300,-0.281578947368423,2730,0.0402930402930403,0,2730,0,1.7997557997558,0.27096830458789
"2005-02-07",2005-02-07,0.0183150183150183,1346900,-0.268421052631581,2780,0.0575539568345323,0,2780,0,1.42838456507521,0.4410984384171
"2005-02-08",2005-02-08,0,719900,-0.268421052631581,2780,0.0575539568345323,0,2780,0,-1,0.4410984384171
"2005-02-09",2005-02-09,-0.00719424460431655,353400,-0.273684210526318,2760,0.0507246376811594,2620,2780,817,-1.01960784313725,0.373466119727945
"2005-02-10",2005-02-10,0.0036231884057971,1063100,-0.27105263157895,2770,0.0541516245487365,2620,2780,0,1.06756059824652,0.40735122468745
"2005-02-11",2005-02-11,0,0,-0.27105263157895,2770,0.0541516245487365,2620,2780,0,-1,0.40735122468745
"2005-02-14",2005-02-14,0.0072202166064982,563200,-0.265789473684213,2790,0.010752688172043,2760,2790,817,-0.980582524271844,0.194060671106959
"2005-02-15",2005-02-15,0.014336917562724,765400,-0.255263157894739,2830,0.0247349823321554,0,2830,0,2.30035335689046,0.331135491438969
"2005-02-16",2005-02-16,-0.0106007067137809,389100,-0.263157894736844,2800,0.0142857142857142,2760,2830,822,-1.03092783505155,0.228538845630034
"2005-02-17",2005-02-17,-0.00357142857142857,494900,-0.265789473684213,2790,0.010752688172043,2760,2830,0,-1.01,0.194060671106959
"2005-02-18",2005-02-18,-0.003584229390681,371400,-0.268421052631581,2780,0.0071942446043165,2760,2830,0,-1.00990099009901,0.159440338666519
"2005-02-21",2005-02-21,0.00359712230215827,406600,-0.265789473684213,2790,0.010752688172043,2760,2830,0,1.49462365591399,0.194060671106958
"2005-02-22",2005-02-22,-0.017921146953405,564900,-0.278947368421055,2740,0,2740,2800,826,-1.04950495049505,0.0603305712354883
"2005-02-23",2005-02-23,-0.0072992700729927,593900,-0.284210526315791,2720,0,2720,2740,827,-1.0188679245283,0.0308941232164425
"2005-02-24",2005-02-24,0.0110294117647059,755300,-0.276315789473686,2750,0.0109090909090909,2720,2750,827,-0.972222222222222,0.136062523866306
"2005-02-25",2005-02-25,0.0181818181818182,426200,-0.263157894736844,2800,0.0285714285714286,0,2800,0,2.61904761904763,0.308437775967443
"2005-02-28",2005-02-28,-0.00714285714285714,290800,-0.268421052631581,2780,0.0215827338129496,2720,2800,830,-1.02,0.239914081452399
"2005-03-01",2005-03-01,0.00359712230215827,387400,-0.265789473684213,2790,0.025089605734767,2720,2800,0,1.16248506571087,0.274245977538767
"2005-03-02",2005-03-02,0.003584229390681,519500,-0.263157894736844,2800,0.00714285714285712,2780,2800,830,-0.990099009900991,0.188589380461328
"2005-03-03",2005-03-03,0,429600,-0.263157894736844,2800,0.00714285714285712,0,2800,0,-1,0.188589380461328
"2005-03-04",2005-03-04,0.0142857142857143,713300,-0.252631578947371,2840,0.0211267605633803,0,2840,0,2.95774647887325,0.32567320126632
"2005-03-07",2005-03-07,0.0140845070422535,677500,-0.242105263157897,2880,0.0347222222222222,0,2880,0,1.64351851851852,0.460584496383343
"2005-03-08",2005-03-08,0,655400,-0.242105263157897,2880,0.0347222222222222,0,2880,0,-1,0.460584496383343
"2005-03-09",2005-03-09,0,725100,-0.242105263157897,2880,0.0347222222222222,0,2880,0,-1,0.460584496383343
"2005-03-10",2005-03-10,-0.00694444444444444,346200,-0.247368421052634,2860,0.027972027972028,2780,2880,838,-1.02173913043478,0.39339471735308
"2005-03-11",2005-03-11,0.0104895104895105,3932600,-0.239473684210529,2890,0.0103806228373703,2860,2890,838,-0.968085106382979,0.339161977644266
"2005-03-14",2005-03-14,-0.0069204152249135,295500,-0.244736842105266,2870,0.00348432055749126,2860,2890,840,-1.02197802197802,0.271155027344017
"2005-03-15",2005-03-15,-0.00696864111498258,498600,-0.250000000000002,2850,0,2850,2870,841,-1.02150537634409,0.222231035340237
"2005-03-16",2005-03-16,0.0175438596491228,496200,-0.23684210526316,2900,0.0172413793103449,2850,2900,841,-0.947368421052632,0.392251898898519
"2005-03-17",2005-03-17,0.00689655172413793,1223600,-0.231578947368424,2920,0.023972602739726,0,2920,0,1.39041095890411,0.45933557554844
"2005-03-18",2005-03-18,0.023972602739726,889600,-0.213157894736845,2990,0.0468227424749164,0,2990,0,1.95317725752508,0.690162264218243
"2005-03-21",2005-03-21,0,0,-0.213157894736845,2990,0.0468227424749164,0,2990,0,-1,0.690162264218243
"2005-03-22",2005-03-22,-0.0133779264214047,902500,-0.223684210526318,2950,0.0338983050847458,2850,2990,846,-1.04938271604938,0.559003957592031
"2005-03-23",2005-03-23,-0.0169491525423729,640000,-0.23684210526316,2900,0.0172413793103449,2850,2990,0,-1.05882352941176,0.392251898898519
"2005-03-24",2005-03-24,0.00689655172413793,401300,-0.231578947368423,2920,0.023972602739726,2850,2990,0,1.39041095890411,0.459335575548441
"2005-03-25",2005-03-25,-0.00342465753424658,299700,-0.234210526315792,2910,0.020618556701031,2850,2990,0,-1.01136363636364,0.425858423183326
"2005-03-28",2005-03-28,0.00343642611683849,193300,-0.231578947368423,2920,0.023972602739726,2850,2990,0,1.16267123287671,0.459335575548441
"2005-03-29",2005-03-29,-0.0171232876712329,685100,-0.244736842105265,2870,0.00696864111498263,2850,2990,0,-1.05681818181818,0.290642571328752
"2005-03-30",2005-03-30,0.0104529616724739,699600,-0.23684210526316,2900,0.0172413793103449,2850,2990,0,2.47413793103447,0.392251898898519
"2005-03-31",2005-03-31,0.0103448275862069,815000,-0.228947368421055,2930,0.0273037542662116,2850,2990,0,1.58361774744027,0.492684680621025
"2005-04-01",2005-04-01,0,290300,-0.228947368421055,2930,0.0273037542662116,2850,2990,0,-1,0.492684680621025
"2005-04-04",2005-04-04,-0.0273037542662116,5e+05,-0.250000000000002,2850,0,2850,2950,855,-1.0919540229885,0.222231035340237
"2005-04-05",2005-04-05,0.00701754385964912,534500,-0.244736842105266,2870,0.00696864111498263,2850,2870,855,-0.978947368421053,0.290642571328751
"2005-04-06",2005-04-06,0.00348432055749129,387100,-0.242105263157897,2880,0.0104166666666666,0,2880,0,1.49479166666665,0.324645344073167
"2005-04-07",2005-04-07,0.00694444444444444,713600,-0.23684210526316,2900,0.0172413793103449,0,2900,0,1.65517241379311,0.392251898898518
"2005-04-08",2005-04-08,0,1115000,-0.23684210526316,2900,0.0172413793103449,0,2900,0,-1,0.392251898898518
"2005-04-11",2005-04-11,-0.0103448275862069,855300,-0.244736842105266,2870,0.00696864111498263,2850,2900,860,-1.03333333333333,0.290642571328751
"2005-04-12",2005-04-12,-0.00696864111498258,639400,-0.250000000000002,2850,0,2850,2870,861,-1.02150537634409,0.222231035340237
"2005-04-13",2005-04-13,0.00350877192982456,304700,-0.247368421052634,2860,0.00349650349650354,2850,2860,861,-0.989473684210526,0.256504941600175
"2005-04-14",2005-04-14,-0.013986013986014,401600,-0.257894736842108,2820,0,0,2860,863,-1.04255319148936,0.178076363311669
"2005-04-15",2005-04-15,-0.00354609929078014,384000,-0.260526315789476,2810,0,2810,2820,864,-1.01020408163265,0.163358139302146
"2005-04-18",2005-04-18,-0.0284697508896797,1242400,-0.281578947368423,2730,0,2730,2810,865,-1.08080808080808,0.0456123472259635
"2005-04-19",2005-04-19,-0.0146520146520147,889800,-0.292105263157897,2690,0,2690,2730,866,-1.03738317757009,-0.0132605488121267
"2005-04-20",2005-04-20,0.0111524163568773,854600,-0.284210526315792,2720,0.0110294117647058,2690,2720,866,-0.972972972972974,0.0925807973739994
"2005-04-21",2005-04-21,-0.0110294117647059,711600,-0.292105263157897,2690,0,0,2720,868,-1.02777777777778,-0.013260548812128
"2005-04-22",2005-04-22,0,822700,-0.292105263157897,2690,0,2690,2690,868,-1,-0.013260548812128
"2005-04-25",2005-04-25,0.0111524163568773,347400,-0.284210526315792,2720,0.0110294117647058,0,2720,0,-0.972972972972973,0.0925807973739994
"2005-04-26",2005-04-26,-0.00735294117647059,392800,-0.289473684210529,2700,0.00370370370370365,2690,2720,871,-1.01851851851852,0.0221722126922792
"2005-04-27",2005-04-27,-0.0111111111111111,323800,-0.297368421052634,2670,0,2670,2700,872,-1.02727272727273,-0.0426969968311725
"2005-04-28",2005-04-28,0.00374531835205993,647600,-0.294736842105265,2680,0.00373134328358204,2670,2680,872,-0.991150442477877,-0.00710964922605842
"2005-04-29",2005-04-29,0,0,-0.294736842105265,2680,0.00373134328358204,0,2680,0,-1,-0.00710964922605842
"2005-05-02",2005-05-02,-0.00746268656716418,244600,-0.300000000000002,2660,0,0,2680,875,-1.01785714285714,-0.057415220840696
"2005-05-03",2005-05-03,0,0,-0.300000000000002,2660,0,2660,2660,875,-1,-0.057415220840696
"2005-05-04",2005-05-04,0,0,-0.300000000000002,2660,0,0,2660,0,-1,-0.057415220840696
"2005-05-05",2005-05-05,0,0,-0.300000000000002,2660,0,0,2660,0,-1,-0.057415220840696
"2005-05-06",2005-05-06,0.0225563909774436,363100,-0.284210526315792,2720,0.0220588235294118,0,2720,0,-0.947368421052632,0.154267471531559
"2005-05-09",2005-05-09,-0.00735294117647059,482300,-0.289473684210529,2700,0.0148148148148148,2660,2720,880,-1.01851851851852,0.0843158251769316
"2005-05-10",2005-05-10,0.0037037037037037,309600,-0.28684210526316,2710,0.018450184501845,2660,2720,0,1.24538745387454,0.119366399642687
"2005-05-11",2005-05-11,0.00738007380073801,494600,-0.281578947368423,2730,0.0109890109890109,2700,2730,880,-0.981651376146789,0.107073062870125
"2005-05-12",2005-05-12,-0.0146520146520147,243500,-0.292105263157897,2690,0,0,2730,883,-1.03738317757009,-0.013260548812128
"2005-05-13",2005-05-13,-0.00743494423791822,702300,-0.297368421052634,2670,0,2670,2690,884,-1.01801801801802,-0.0426969968311737
"2005-05-16",2005-05-16,-0.00374531835205993,308700,-0.300000000000002,2660,0,2660,2670,885,-1.00884955752212,-0.057415220840696
"2005-05-17",2005-05-17,-0.0150375939849624,713700,-0.310526315789476,2620,0,2620,2660,886,-1.03508771929825,-0.116288116878788
"2005-05-18",2005-05-18,0.00381679389312977,638000,-0.307894736842108,2630,0.00380228136882133,2620,2630,886,-0.991525423728814,-0.0803040178745166
"2005-05-19",2005-05-19,0.0380228136882129,734400,-0.281578947368423,2730,0.0402930402930403,0,2730,0,10.5970695970695,0.270968304587888
"2005-05-20",2005-05-20,-0.0293040293040293,637900,-0.302631578947371,2650,0.0113207547169811,2620,2730,889,-1.07476635514019,-0.00881731137528986
"2005-05-23",2005-05-23,0,625400,-0.302631578947371,2650,0.0113207547169811,2620,2730,0,-1,-0.00881731137528986
"2005-05-24",2005-05-24,0.0226415094339623,588400,-0.28684210526316,2710,0.033210332103321,2620,2730,0,2.93357933579336,0.201918799991302
"2005-05-25",2005-05-25,-0.011070110701107,638600,-0.294736842105265,2680,0.0223880597014925,2620,2730,0,-1.02752293577982,0.097235968751902
"2005-05-26",2005-05-26,0,487600,-0.294736842105265,2680,0.0223880597014925,2620,2730,0,-1,0.097235968751902
"2005-05-27",2005-05-27,0.0111940298507463,863400,-0.28684210526316,2710,0.033210332103321,2620,2730,0,1.48339483394834,0.201918799991302
"2005-05-30",2005-05-30,-0.00738007380073801,735400,-0.292105263157897,2690,0.0260223048327137,2620,2730,0,-1.01834862385321,0.13228025366122
"2005-05-31",2005-05-31,0.00371747211895911,1027000,-0.289473684210529,2700,0.0296296296296297,2620,2730,0,1.13862433862434,0.167173975156467
"2005-06-01",2005-06-01,0.0148148148148148,940500,-0.278947368421055,2740,0.0328467153284672,2650,2740,889,1.10857664233577,0.244039790624421
"2005-06-02",2005-06-02,-0.0218978102189781,984400,-0.294736842105265,2680,0.0111940298507462,2650,2740,898,-1.0566037735849,0.0346285979651259
"2005-06-03",2005-06-03,0,446800,-0.294736842105265,2680,0.0111940298507462,2650,2740,0,-1,0.0346285979651259
"2005-06-06",2005-06-06,-0.00746268656716418,327300,-0.300000000000002,2660,0.00375939849624063,2650,2740,0,-1.01785714285714,-0.0363891865413775
"2005-06-07",2005-06-07,-0.0112781954887218,585800,-0.307894736842107,2630,0,2630,2680,901,-1.02631578947368,-0.101569892869264
"2005-06-08",2005-06-08,-0.00760456273764259,610500,-0.313157894736844,2610,0,2610,2630,902,-1.01709401709402,-0.13100634088831
"2005-06-09",2005-06-09,-0.00383141762452107,867100,-0.315789473684213,2600,0,2600,2610,903,-1.00840336134454,-0.145724564897833
"2005-06-10",2005-06-10,0.0307692307692308,4095300,-0.294736842105266,2680,0.0298507462686567,2600,2680,903,-0.933333333333334,0.138974215943086
"2005-06-13",2005-06-13,0.00373134328358209,936000,-0.292105263157897,2690,0.033457249070632,0,2690,0,1.12081784386617,0.173863340082177
"2005-06-14",2005-06-14,-0.0148698884758364,397400,-0.302631578947371,2650,0.0188679245283019,2600,2690,906,-1.03603603603604,0.0333934442746618
"2005-06-15",2005-06-15,0.0226415094339623,446600,-0.28684210526316,2710,0.0221402214022141,2650,2710,906,1.17343173431735,0.14000449972984
"2005-06-16",2005-06-16,-0.003690036900369,318100,-0.289473684210529,2700,0.0185185185185185,2650,2710,908,-1.00917431192661,0.105030362671815
"2005-06-17",2005-06-17,0.00740740740740741,661500,-0.284210526315792,2720,0.00735294117647056,2700,2720,908,-0.981818181818182,0.0720185726548131
"2005-06-20",2005-06-20,0,610100,-0.284210526315792,2720,0.00735294117647056,0,2720,0,-1,0.0720185726548131
"2005-06-21",2005-06-21,0.00735294117647059,717400,-0.278947368421055,2740,0.0145985401459854,0,2740,0,1.98540145985402,0.141979113186123
"2005-06-22",2005-06-22,-0.0072992700729927,593500,-0.284210526315792,2720,0.00735294117647056,2700,2740,912,-1.0188679245283,0.0720185726548131
"2005-06-23",2005-06-23,0.00367647058823529,456500,-0.281578947368423,2730,0.0109890109890109,2700,2740,0,1.49450549450549,0.107073062870124
"2005-06-24",2005-06-24,0.010989010989011,872200,-0.273684210526318,2760,0.0144927536231884,2720,2760,912,1.31884057971015,0.170823905104077
"2005-06-27",2005-06-27,-0.0108695652173913,444200,-0.281578947368424,2730,0.00366300366300365,2720,2760,915,-1.02884615384615,0.0660992524406827
"2005-06-28",2005-06-28,0.00366300366300366,410700,-0.278947368421055,2740,0.00729927007299269,2720,2760,0,1.99270072992701,0.101154842210804
"2005-06-29",2005-06-29,0.00364963503649635,503400,-0.276315789473687,2750,0.0109090909090909,2720,2760,0,1.49454545454545,0.136062523866302
"2005-06-30",2005-06-30,-0.00363636363636364,198600,-0.278947368421055,2740,0.00729927007299269,2720,2760,0,-1.00952380952381,0.101154842210803
"2005-07-01",2005-07-01,0.0182481751824818,1356700,-0.265789473684213,2790,0.021505376344086,2730,2790,915,2.94623655913979,0.254199650930812
"2005-07-04",2005-07-04,0,343400,-0.265789473684213,2790,0.021505376344086,0,2790,0,-1,0.254199650930812
"2005-07-05",2005-07-05,-0.017921146953405,371200,-0.278947368421055,2740,0.0036496350364964,2730,2790,921,-1.04950495049505,0.0807427067231443
"2005-07-06",2005-07-06,0,518000,-0.278947368421055,2740,0.0036496350364964,2730,2790,0,-1,0.0807427067231443
"2005-07-07",2005-07-07,-0.0072992700729927,414100,-0.284210526315792,2720,0,2720,2740,923,-1.0188679245283,0.0308941232164388
"2005-07-08",2005-07-08,0.00735294117647059,1788400,-0.278947368421055,2740,0.00729927007299269,2720,2740,923,-0.981481481481482,0.101154842210803
"2005-07-11",2005-07-11,0.0182481751824818,1241100,-0.265789473684213,2790,0.025089605734767,0,2790,0,3.43727598566309,0.274245977538764
"2005-07-12",2005-07-12,0.010752688172043,1013400,-0.257894736842108,2820,0.0354609929078015,0,2820,0,1.41337386018237,0.376407041454173
"2005-07-13",2005-07-13,-0.00354609929078014,513500,-0.260526315789476,2810,0.0320284697508897,2720,2820,927,-1.01020408163265,0.342490972442956
"2005-07-14",2005-07-14,-0.00355871886120996,477300,-0.263157894736845,2800,0.0285714285714286,2720,2820,0,-1.01010101010101,0.308437775967441
"2005-07-15",2005-07-15,-0.00714285714285714,393000,-0.268421052631582,2780,0.0215827338129496,2720,2820,0,-1.02,0.239914081452396
"2005-07-18",2005-07-18,0,0,-0.268421052631582,2780,0.0215827338129496,2720,2820,0,-1,0.239914081452396
"2005-07-19",2005-07-19,0,473400,-0.268421052631582,2780,0.0215827338129496,2720,2820,0,-1,0.239914081452396
"2005-07-20",2005-07-20,-0.00719424460431655,245500,-0.273684210526318,2760,0.0144927536231884,2720,2820,0,-1.01960784313725,0.170823905104076
"2005-07-21",2005-07-21,0.0036231884057971,414600,-0.27105263157895,2770,0.0180505415162455,2720,2820,0,1.24548736462095,0.205440570405185
"2005-07-22",2005-07-22,-0.0108303249097473,370800,-0.278947368421055,2740,0.00729927007299269,2720,2820,0,-1.02912621359223,0.101154842210803
"2005-07-25",2005-07-25,0.0109489051094891,299200,-0.27105263157895,2770,0.0180505415162455,2720,2820,0,2.47292418772564,0.205440570405185
"2005-07-26",2005-07-26,-0.0108303249097473,303000,-0.278947368421055,2740,0.00729927007299269,2720,2820,0,-1.02912621359223,0.101154842210803
"2005-07-27",2005-07-27,0.0109489051094891,319100,-0.27105263157895,2770,0.0180505415162455,2720,2820,0,2.47292418772564,0.205440570405185
"2005-07-28",2005-07-28,-0.0036101083032491,207900,-0.273684210526318,2760,0.0144927536231884,2720,2820,0,-1.00970873786408,0.170823905104076
"2005-07-29",2005-07-29,0.0072463768115942,337200,-0.268421052631582,2780,0.0215827338129496,2720,2820,0,1.48920863309353,0.239914081452396
"2005-08-01",2005-08-01,-0.00359712230215827,313800,-0.27105263157895,2770,0.0180505415162455,2720,2820,0,-1.00980392156863,0.205440570405185
"2005-08-02",2005-08-02,-0.0072202166064982,384300,-0.276315789473687,2750,0.0109090909090909,2720,2820,0,-1.01941747572815,0.136062523866302
"2005-08-03",2005-08-03,0.00363636363636364,337200,-0.273684210526318,2760,0.0144927536231884,2720,2820,0,1.32850241545894,0.170823905104076
"2005-08-04",2005-08-04,-0.0217391304347826,420100,-0.289473684210529,2700,0,2700,2810,943,-1.05769230769231,0.00145767519739365
"2005-08-05",2005-08-05,-0.0037037037037037,525700,-0.292105263157897,2690,0,2690,2700,944,-1.00909090909091,-0.0132605488121286
"2005-08-08",2005-08-08,0.0148698884758364,431900,-0.281578947368423,2730,0.0146520146520146,2690,2730,944,-0.963963963963964,0.127559968084844
"2005-08-09",2005-08-09,-0.010989010989011,485500,-0.289473684210529,2700,0.00370370370370365,2690,2730,946,-1.02803738317757,0.0221722126922786
"2005-08-10",2005-08-10,-0.0037037037037037,821000,-0.292105263157897,2690,0,2690,2700,947,-1.00909090909091,-0.013260548812128
"2005-08-11",2005-08-11,0.0371747211895911,1306700,-0.265789473684213,2790,0.03584229390681,2690,2790,947,-0.909909909909911,0.334384957362621
"2005-08-12",2005-08-12,-0.003584229390681,1270600,-0.268421052631581,2780,0.0323741007194245,2690,2790,949,-1.00990099009901,0.300269388541807
"2005-08-15",2005-08-15,0.00719424460431655,767500,-0.263157894736845,2800,0.00714285714285712,2780,2800,949,-0.980392156862746,0.188589380461327
"2005-08-16",2005-08-16,-0.00714285714285714,611600,-0.268421052631581,2780,0,0,2800,951,-1.02,0.119203467273577
"2005-08-17",2005-08-17,0.00359712230215827,393100,-0.265789473684213,2790,0.00358422939068104,2780,2790,951,-0.990196078431373,0.153968017891051
"2005-08-18",2005-08-18,0.003584229390681,563500,-0.263157894736845,2800,0.00714285714285712,0,2800,0,1.99285714285712,0.188589380461327
"2005-08-19",2005-08-19,-0.0142857142857143,684300,-0.273684210526318,2760,0,0,2800,954,-1.04,0.0897670192545303
"2005-08-22",2005-08-22,0.0108695652173913,955400,-0.265789473684213,2790,0.010752688172043,2760,2790,954,-0.971153846153846,0.194060671106956
"2005-08-23",2005-08-23,0.021505376344086,1923000,-0.250000000000003,2850,0.031578947368421,0,2850,0,2.93684210526316,0.39884972345451
"2005-08-24",2005-08-24,0.0210526315789474,2136200,-0.234210526315792,2910,0.0515463917525774,0,2910,0,1.63230240549828,0.598835488862253
"2005-08-25",2005-08-25,-0.0171821305841924,748300,-0.247368421052634,2860,0.034965034965035,2760,2910,958,-1.0561797752809,0.432506081853908
"2005-08-26",2005-08-26,0.027972027972028,1637500,-0.226315789473687,2940,0.0272108843537415,2860,2940,958,-0.914893617021278,0.506883490163864
"2005-08-29",2005-08-29,-0.0136054421768707,952700,-0.236842105263161,2900,0.0137931034482759,2860,2940,960,-1.04651162790698,0.372965950196383
"2005-08-30",2005-08-30,0.0172413793103448,822600,-0.223684210526319,2950,0.0169491525423728,2900,2950,960,1.22881355932203,0.464208616513746
"2005-08-31",2005-08-31,-0.0135593220338983,325400,-0.234210526315792,2910,0.00343642611683848,2900,2950,962,-1.04705882352941,0.329760053361697
"2005-09-01",2005-09-01,-0.00687285223367698,773700,-0.239473684210529,2890,0,2890,2910,963,-1.02247191011236,0.281103931378326
"2005-09-02",2005-09-02,0.00346020761245675,597100,-0.236842105263161,2900,0.00344827586206897,2890,2900,963,-0.989010989010989,0.315108104089983
"2005-09-05",2005-09-05,0.0137931034482759,520000,-0.226315789473687,2940,0.0170068027210885,0,2940,0,4.93197278911564,0.449812825637143
"2005-09-06",2005-09-06,0,680600,-0.226315789473687,2940,0.0170068027210885,0,2940,0,-1,0.449812825637143
"2005-09-07",2005-09-07,0.00680272108843537,777800,-0.22105263157895,2960,0.0236486486486487,0,2960,0,1.39054054054054,0.516396620611645
"2005-09-08",2005-09-08,-0.00337837837837838,991000,-0.223684210526319,2950,0.0203389830508475,2890,2960,968,-1.01190476190476,0.483167684729402
"2005-09-09",2005-09-09,0.00338983050847458,3103400,-0.22105263157895,2960,0.0033783783783784,2950,2960,968,-0.988235294117647,0.403026516754509
"2005-09-12",2005-09-12,0.0439189189189189,2150100,-0.186842105263161,3090,0.0453074433656958,0,3090,0,13.4110032362459,0.828869549855712
"2005-09-13",2005-09-13,-0.00647249190938511,662800,-0.192105263157898,3070,0.0390879478827362,2950,3090,971,-1.02816901408451,0.764647929293789
"2005-09-14",2005-09-14,-0.00325732899022801,608200,-0.194736842105266,3060,0.0359477124183006,2950,3090,0,-1.01369863013699,0.732366603461146
"2005-09-15",2005-09-15,0.0261437908496732,1123400,-0.173684210526319,3140,0.0254777070063694,3060,3140,971,-0.891891891891894,0.791554439224515
"2005-09-16",2005-09-16,-0.0127388535031847,547700,-0.184210526315793,3100,0.0129032258064516,3060,3140,974,-1.06060606060606,0.662353411366932
"2005-09-19",2005-09-19,0,0,-0.184210526315793,3100,0.0129032258064516,3060,3140,0,-1,0.662353411366932
"2005-09-20",2005-09-20,0.0129032258064516,531200,-0.173684210526319,3140,0.0127388535031847,3100,3140,974,-0.942857142857144,0.720306985420455
"2005-09-21",2005-09-21,0.00636942675159236,823000,-0.168421052631582,3160,0.0189873417721519,0,3160,0,1.49050632911392,0.784690760463644
"2005-09-22",2005-09-22,-0.0158227848101266,461200,-0.181578947368424,3110,0.00321543408360125,3100,3160,978,-1.078125,0.622888541657341
"2005-09-23",2005-09-23,0,0,-0.181578947368424,3110,0.00321543408360125,3100,3160,0,-1,0.622888541657341
"2005-09-26",2005-09-26,0.0160771704180064,623800,-0.168421052631582,3160,0.0158227848101266,3110,3160,978,4.92088607594941,0.76699163032561
"2005-09-27",2005-09-27,0.00949367088607595,665700,-0.160526315789477,3190,0.0250783699059561,0,3190,0,1.58495297805643,0.862912096770435
"2005-09-28",2005-09-28,0.0282131661442006,1205500,-0.136842105263161,3280,0.051829268292683,0,3280,0,2.06669207317073,1.14499188452263
"2005-09-29",2005-09-29,-0.0121951219512195,1015100,-0.147368421052635,3240,0.0401234567901234,3110,3280,983,-1.07692307692307,1.02064926123953
"2005-09-30",2005-09-30,-0.00617283950617284,810400,-0.152631578947371,3220,0.0341614906832298,3110,3280,0,-1.03571428571429,0.95786798319508
"2005-10-03",2005-10-03,-0.0062111801242236,668200,-0.157894736842108,3200,0.028125,3110,3280,0,-1.03448275862069,0.894669894775308
"2005-10-04",2005-10-04,0.003125,643400,-0.15526315789474,3210,0.0311526479750779,3110,3280,0,1.10764970578055,0.926321527210117
"2005-10-05",2005-10-05,-0.0155763239875389,708700,-0.168421052631582,3160,0.0158227848101266,3110,3280,0,-1.08474576271186,0.766991630325611
"2005-10-06",2005-10-06,-0.00316455696202532,757300,-0.17105263157895,3150,0.0126984126984127,3110,3280,0,-1.015625,0.73479902703695
"2005-10-07",2005-10-07,-0.0380952380952381,678100,-0.202631578947371,3030,0,3030,3240,989,-1.18461538461538,0.487159067511646
"2005-10-10",2005-10-10,0,0,-0.202631578947371,3030,0,3030,3030,989,-1,0.487159067511646
"2005-10-11",2005-10-11,0.033003300330033,772100,-0.176315789473687,3130,0.0319488817891374,0,3130,0,-0.870129870129873,0.813029011236863
"2005-10-12",2005-10-12,0.00638977635782748,1199200,-0.17105263157895,3150,0.0380952380952381,0,3150,0,1.19238095238095,0.876841569859011
"2005-10-13",2005-10-13,-0.00952380952380952,1220400,-0.178947368421056,3120,0.0288461538461539,3030,3150,993,-1.04615384615384,0.780957462163274
"2005-10-14",2005-10-14,0.0224358974358974,1967300,-0.160526315789477,3190,0.0219435736677116,3120,3190,993,-0.897058823529414,0.845379416132132
"2005-10-17",2005-10-17,-0.00313479623824451,661200,-0.163157894736845,3180,0.0188679245283019,3120,3190,995,-1.01639344262295,0.813459316779368
"2005-10-18",2005-10-18,-0.0377358490566038,1314400,-0.194736842105266,3060,0,3060,3180,996,-1.19354838709677,0.531313739540214
"2005-10-19",2005-10-19,-0.0130718954248366,1122200,-0.20526315789474,3020,0,3020,3060,997,-1.05405405405405,0.472440843502123
"2005-10-20",2005-10-20,0.0165562913907285,1083700,-0.192105263157898,3070,0.0162866449511401,3020,3070,997,-0.935897435897437,0.637121949276425
"2005-10-21",2005-10-21,-0.00977198697068404,790100,-0.200000000000003,3040,0.00657894736842102,3020,3070,999,-1.04109589041096,0.538672851544975
"2005-10-24",2005-10-24,-0.00328947368421053,721800,-0.202631578947371,3030,0.00330033003300334,3020,3070,0,-1.01315789473684,0.505617566269463
"2005-10-25",2005-10-25,0.0132013201320132,608100,-0.192105263157898,3070,0.0130293159609121,3030,3070,999,3.94788273615631,0.618903952131087
"2005-10-26",2005-10-26,0.0130293159609121,732500,-0.181578947368424,3110,0.0257234726688103,0,3110,0,1.97427652733119,0.748774316143935
"2005-10-27",2005-10-27,-0.00964630225080386,786800,-0.189473684210529,3080,0.0162337662337663,3030,3110,1003,-1.04347826086956,0.651544426579043
"2005-10-28",2005-10-28,-0.00649350649350649,917600,-0.194736842105266,3060,0.00980392156862742,3030,3110,0,-1.02777777777778,0.586146338791378
"2005-10-31",2005-10-31,0.0261437908496732,735900,-0.173684210526319,3140,0.0254777070063694,3060,3140,1003,2.59872611464969,0.791554439224515
"2005-11-01",2005-11-01,0.0222929936305732,782700,-0.15526315789474,3210,0.0467289719626168,0,3210,0,1.83411214953271,1.01343874097365
"2005-11-02",2005-11-02,-0.0186915887850467,882400,-0.17105263157895,3150,0.0285714285714286,3060,3210,1007,-1.10169491525423,0.823575616300738
"2005-11-03",2005-11-03,0,0,-0.17105263157895,3150,0.0285714285714286,3060,3210,0,-1,0.823575616300738
"2005-11-04",2005-11-04,0.019047619047619,1086800,-0.15526315789474,3210,0.0186915887850467,3150,3210,1007,-0.90769230769231,0.856627756199292
"2005-11-07",2005-11-07,0,715100,-0.15526315789474,3210,0.0186915887850467,0,3210,0,-1,0.856627756199292
"2005-11-08",2005-11-08,-0.0311526479750779,1120500,-0.181578947368424,3110,0,0,3210,1011,-1.16949152542372,0.604904859587827
"2005-11-09",2005-11-09,-0.0192926045016077,970000,-0.197368421052635,3050,0,3050,3110,1012,-1.08695652173913,0.516595515530691
"2005-11-10",2005-11-10,0.0229508196721311,807200,-0.178947368421056,3120,0.0224358974358975,3050,3120,1012,-0.906666666666669,0.745105378037513
"2005-11-11",2005-11-11,-0.0128205128205128,1177400,-0.189473684210529,3080,0.00974025974025972,3050,3120,1014,-1.05882352941176,0.615226730971129
"2005-11-14",2005-11-14,0,468000,-0.189473684210529,3080,0.00974025974025972,3050,3120,0,-1,0.615226730971129
"2005-11-15",2005-11-15,0,450100,-0.189473684210529,3080,0.00974025974025972,3050,3120,0,-1,0.615226730971129
"2005-11-16",2005-11-16,0.00324675324675325,830700,-0.186842105263161,3090,0.0129449838187702,3050,3120,0,1.32901833872708,0.647868736793619
"2005-11-17",2005-11-17,0.0129449838187702,926700,-0.176315789473687,3130,0.0159744408945687,3080,3130,1014,1.23402555910543,0.723685159421868
"2005-11-18",2005-11-18,0.0255591054313099,1093800,-0.15526315789474,3210,0.0404984423676013,0,3210,0,2.53520249221184,0.978591855468235
"2005-11-21",2005-11-21,0.00934579439252336,1638800,-0.147368421052635,3240,0.0493827160493827,0,3240,0,1.21937321937322,1.07243560497674
"2005-11-22",2005-11-22,0.0123456790123457,2034300,-0.136842105263161,3280,0.0609756097560976,0,3280,0,1.23475609756098,1.19614668748256
"2005-11-23",2005-11-23,0,0,-0.136842105263161,3280,0.0609756097560976,0,3280,0,-1,1.19614668748256
"2005-11-24",2005-11-24,-0.0365853658536585,1851600,-0.168421052631582,3160,0.0253164556962026,3080,3280,1023,-1.23076923076922,0.820089020739711
"2005-11-25",2005-11-25,-0.0126582278481013,1035700,-0.178947368421056,3120,0.0128205128205128,3080,3280,0,-1.0625,0.691327251848871
"2005-11-28",2005-11-28,0.0256410256410256,816600,-0.157894736842108,3200,0.0375,3080,3280,0,2.92500000000001,0.947103567809232
"2005-11-29",2005-11-29,-0.003125,784100,-0.160526315789477,3190,0.0344827586206896,3080,3280,0,-1.01666666666667,0.915510138685342
"2005-11-30",2005-11-30,0.0125391849529781,726200,-0.150000000000003,3230,0.0464396284829721,3080,3280,0,1.34674922600619,1.04125691257603
"2005-12-01",2005-12-01,0.0464396284829721,2712800,-0.110526315789477,3380,0.0769230769230769,3120,3380,1023,1.65641025641026,1.43252191735407
"2005-12-02",2005-12-02,0.00591715976331361,1766400,-0.10526315789474,3400,0.0823529411764706,0,3400,0,1.07058823529412,1.49232718957376
"2005-12-05",2005-12-05,-0.00882352941176471,1113700,-0.113157894736845,3370,0.0741839762611276,3120,3400,1030,-1.075,1.40248410843621
"2005-12-06",2005-12-06,-0.0178041543026706,799400,-0.128947368421056,3310,0.0574018126888217,3120,3400,0,-1.13953488372092,1.22031338010685
"2005-12-07",2005-12-07,0.0181268882175227,857500,-0.113157894736845,3370,0.0741839762611276,3120,3400,0,1.29236295486491,1.40248410843621
"2005-12-08",2005-12-08,0.0118694362017804,1971300,-0.102631578947372,3410,0.0293255131964809,3310,3410,1030,-0.906976744186049,1.21046697939312
"2005-12-09",2005-12-09,0.00879765395894428,60300,-0.0947368421052664,3440,0.0377906976744186,0,3440,0,1.28866279069767,1.30196679436441
"2005-12-12",2005-12-12,0.0988372093023256,2236800,-0.00526315789474041,3780,0.124338624338624,0,3780,0,3.29019129019129,2.28644248412553
"2005-12-13",2005-12-13,0.00793650793650794,2125900,0,3810,0.131233595800525,0,3810,0,1.05545317473614,2.35444199126049
"2005-12-14",2005-12-14,0.0078740157480315,2125200,0,3840,0.138020833333333,0,3840,0,1.05171875,2.39240250257771
"2005-12-15",2005-12-15,-0.0182291666666667,1187000,-0.0182291666666667,3770,0.122015915119363,3310,3840,1038,0,2.2009338291647
"2005-12-16",2005-12-16,-0.013262599469496,1321200,-0.03125,3720,0.110215053763441,3310,3840,0,-1.71428571428571,2.06210794932637
"2005-12-19",2005-12-19,0.0161290322580645,788100,-0.0156250000000001,3780,0.124338624338624,3310,3840,0,1.12814556716996,2.22848947708805
"2005-12-20",2005-12-20,0.0423280423280423,1294700,0,3940,0.0558375634517766,3720,3940,1038,0,1.93275762771601
"2005-12-21",2005-12-21,0.0101522842639594,1828200,0,3980,0.0653266331658291,0,3980,0,1.16994061215167,1.98582928411951
"2005-12-22",2005-12-22,-0.0175879396984925,986800,-0.0175879396984925,3910,0.0485933503836317,3720,3980,1043,0,1.79387325663395
"2005-12-23",2005-12-23,0,0,-0.0175879396984925,3910,0.0485933503836317,3720,3980,0,-1,1.79387325663395
"2005-12-26",2005-12-26,-0.0051150895140665,900500,-0.0226130653266332,3890,0.0437017994858612,3720,3980,0,-1.28571428571429,1.73841002734938
"2005-12-27",2005-12-27,0,696300,-0.0226130653266332,3890,0.0437017994858612,3720,3980,0,-1,1.73841002734938
"2005-12-28",2005-12-28,0.0154241645244216,591300,-0.00753768844221114,3950,0.0582278481012658,3720,3980,0,1.33239017125838,1.90396858372229
"2005-12-29",2005-12-29,-0.00506329113924051,618800,-0.0125628140703519,3930,0.0534351145038168,3720,3980,0,-1.66666666666666,1.84905803219934
"2005-12-30",2005-12-30,-0.0229007633587786,446700,-0.0351758793969851,3840,0.03125,3720,3980,0,-2.79999999999999,1.59850516673323
"2006-01-02",2006-01-02,0,0,-0.0351758793969851,3840,0.03125,3720,3980,0,-1,1.59850516673323
"2006-01-03",2006-01-03,0,0,-0.0351758793969851,3840,0.03125,3720,3980,0,-1,1.59850516673323
"2006-01-04",2006-01-04,0.0078125,609700,-0.027638190954774,3870,0.0387596899224806,3720,3980,0,1.24031007751938,1.68266402723371
"2006-01-05",2006-01-05,-0.0180878552971576,1516600,-0.0452261306532664,3800,0.0210526315789473,3720,3980,0,-1.63636363636363,1.48526174594639
"2006-01-06",2006-01-06,-0.00263157894736842,1118700,-0.0477386934673368,3790,0.0184696569920845,3720,3980,0,-1.05555555555556,1.45676278679837
"2006-01-09",2006-01-09,0,0,-0.0477386934673368,3790,0.0184696569920845,3720,3980,0,-1,1.45676278679837
"2006-01-10",2006-01-10,-0.0131926121372032,822600,-0.0603015075376886,3740,0.00534759358288772,3720,3980,0,-1.26315789473684,1.31310919024594
"2006-01-11",2006-01-11,0.0106951871657754,946200,-0.0502512562814071,3780,0.0158730158730159,3720,3980,0,2.96825396825397,1.42818739175903
"2006-01-12",2006-01-12,0.0105820105820106,1064900,-0.0402010050251256,3820,0.0261780104712042,3720,3980,0,1.64921465968586,1.54203275769592
"2006-01-13",2006-01-13,0.0340314136125654,2569000,-0.00753768844221103,3950,0.0582278481012658,3720,3980,0,2.22430379746836,1.90396858372229
"2006-01-16",2006-01-16,0.030379746835443,2709000,0,4070,0.081081081081081,3740,4070,1043,1.3924794359577,2.07394273167346
"2006-01-17",2006-01-17,-0.0515970515970516,1347200,-0.0515970515970516,3860,0.0310880829015544,3740,4070,1061,0,1.50575718996836
"2006-01-18",2006-01-18,-0.0181347150259067,2409300,-0.0687960687960688,3790,0.0131926121372031,3740,4070,0,-1.33333333333333,1.30947634653751
"2006-01-19",2006-01-19,0.0316622691292876,1015000,-0.0393120393120394,3910,0.0434782608695652,3740,4070,0,3.29565217391305,1.64376368146457
"2006-01-20",2006-01-20,-0.0153452685421995,889000,-0.0540540540540542,3850,0.0285714285714286,3740,4070,0,-1.375,1.47793989996738
"2006-01-23",2006-01-23,0,911400,-0.0540540540540542,3850,0.0285714285714286,3740,4070,0,-1,1.47793989996738
"2006-01-24",2006-01-24,0.0181818181818182,600700,-0.0368550368550371,3920,0.0459183673469388,3740,4070,0,1.60714285714286,1.67115284505674
"2006-01-25",2006-01-25,-0.0408163265306122,1017000,-0.0761670761670763,3760,0.00531914893617025,3740,4070,0,-2.06666666666666,1.22421516407888
"2006-01-26",2006-01-26,-0.00531914893617021,1236700,-0.0810810810810814,3740,0,3740,3920,1068,-1.06451612903226,1.16698190081638
"2006-01-27",2006-01-27,0.0882352941176471,1708100,-3.33066907387547e-16,4070,0.081081081081081,3740,4070,1068,-4.10782519111306e-15,2.07394273167346
"2006-01-30",2006-01-30,-0.0171990171990172,1008200,-0.0171990171990175,4000,0.0649999999999999,3740,4070,1070,-51638324965756,1.8878096338862
"2006-01-31",2006-01-31,-0.005,596800,-0.0221130221130225,3980,0.0603015075376885,3740,4070,0,-1.28571428571428,1.83404765580948
"2006-02-01",2006-02-01,0,663300,-0.0221130221130225,3980,0.0603015075376885,3740,4070,0,-1,1.83404765580948
"2006-02-02",2006-02-02,-0.0100502512562814,949600,-0.0319410319410323,3940,0.050761421319797,3740,4070,0,-1.44444444444444,1.7257233448377
"2006-02-03",2006-02-03,-0.00761421319796954,483800,-0.0393120393120396,3910,0.0434782608695652,3740,4070,0,-1.23076923076923,1.64376368146457
"2006-02-06",2006-02-06,0.0255754475703325,953600,-0.0147420147420151,4010,0.0673316708229427,3740,4070,0,1.54862842892768,1.91459232498241
"2006-02-07",2006-02-07,0.0149625935162095,758200,-3.33066907387547e-16,4070,0.0393120393120393,3910,4070,1070,-2.25930385511214e-14,1.84033160857391
"2006-02-08",2006-02-08,0.0196560196560197,3868000,0,4150,0.0578313253012048,0,4150,0,1.4710843373494,1.94390858845419
"2006-02-09",2006-02-09,0.0120481927710843,1227600,0,4200,0.069047619047619,0,4200,0,1.19394841269841,2.0066404795424
"2006-02-10",2006-02-10,-0.0166666666666667,1708300,-0.0166666666666667,4130,0.0532687651331719,3910,4200,1079,0,1.8251751123354
"2006-02-13",2006-02-13,-0.0169491525423729,1111200,-0.0333333333333334,4060,0.0369458128078818,3910,4200,0,-2,1.64066664345668
"2006-02-14",2006-02-14,-0.00738916256157635,1534700,-0.0404761904761906,4030,0.0297766749379652,3910,4200,0,-1.21428571428571,1.56062072698063
"2006-02-15",2006-02-15,-0.0272952853598015,790700,-0.0666666666666668,3920,0.00255102040816324,3910,4200,0,-1.64705882352941,1.26186830746869
"2006-02-16",2006-02-16,0.0076530612244898,923500,-0.0595238095238095,3950,0.0101265822784811,3910,4200,0,3.96962025316462,1.34418732294742
"2006-02-17",2006-02-17,-0.0177215189873418,855300,-0.0761904761904763,3880,0,3880,4130,1084,-1.28,1.19433468777873
"2006-02-20",2006-02-20,-0.0128865979381443,1709800,-0.0880952380952381,3830,0,3830,3880,1085,-1.15625,1.12775224583089
"2006-02-21",2006-02-21,0.0130548302872063,1322800,-0.0761904761904763,3880,0.0128865979381443,3830,3880,1085,-0.864864864864865,1.26640846514495
"2006-02-22",2006-02-22,0.0103092783505155,770400,-0.0666666666666668,3920,0.0229591836734694,0,3920,0,1.78163265306123,1.37600963652213
"2006-02-23",2006-02-23,0.0229591836734694,708700,-0.0452380952380952,4010,0.0448877805486284,0,4010,0,1.95511221945137,1.61850303241703
"2006-02-24",2006-02-24,-0.0324189526184539,762700,-0.0761904761904761,3880,0.0128865979381443,3830,4010,1089,-1.68421052631579,1.26640846514495
"2006-02-27",2006-02-27,-0.0180412371134021,995300,-0.0928571428571427,3810,0,3810,3880,1090,-1.21875,1.10111926905176
"2006-02-28",2006-02-28,0.026246719160105,937600,-0.069047619047619,3910,0.0255754475703325,3810,3910,1090,-0.743589743589744,1.37732571621134
"2006-03-01",2006-03-01,-0.0179028132992327,779700,-0.0857142857142856,3840,0.0078125,3810,3910,1092,-1.24137931034483,1.18476346174873
"2006-03-02",2006-03-02,-0.0078125,817200,-0.0928571428571427,3810,0,3810,3840,1093,-1.08333333333333,1.10111926905176
"2006-03-03",2006-03-03,-0.015748031496063,815300,-0.107142857142857,3750,0,3750,3810,1094,-1.15384615384615,1.02122033871435
"2006-03-06",2006-03-06,0.00533333333333333,1059400,-0.102380952380952,3770,0.00530503978779839,3750,3770,1094,-0.955555555555556,1.07752400580446
"2006-03-07",2006-03-07,-0.0159151193633952,474400,-0.116666666666666,3710,0,0,3770,1096,-1.13953488372093,0.967954385156075
"2006-03-08",2006-03-08,-0.00269541778975741,1337000,-0.119047619047619,3700,0,3700,3710,1097,-1.02040816326531,0.954637896766506
"2006-03-09",2006-03-09,0.0459459459459459,801400,-0.0785714285714284,3870,0.0439276485788114,3700,3870,1097,-0.659999999999999,1.42670224874709
"2006-03-10",2006-03-10,0,2993500,-0.0785714285714284,3870,0.0439276485788114,0,3870,0,-1,1.42670224874709
"2006-03-13",2006-03-13,0.0232558139534884,357800,-0.0571428571428569,3960,0.0656565656565656,0,3960,0,1.49465240641711,1.66807885048641
"2006-03-14",2006-03-14,-0.00757575757575758,411000,-0.0642857142857141,3930,0.0585241730279898,3700,3960,1101,-1.125,1.58823844739383
"2006-03-15",2006-03-15,-0.00763358778625954,561500,-0.0714285714285713,3900,0.0512820512820513,3700,3960,0,-1.11111111111111,1.50778433756396
"2006-03-16",2006-03-16,0,1789500,-0.0714285714285713,3900,0.0512820512820513,3700,3960,0,-1,1.50778433756396
"2006-03-17",2006-03-17,0.0307692307692308,967000,-0.0428571428571428,4020,0.0298507462686567,3900,4020,1101,-0.600000000000001,1.54771851399743
"2006-03-20",2006-03-20,0.0522388059701493,3628700,0,4230,0.0780141843971631,0,4230,0,2.61347517730497,2.05678980815843
"2006-03-21",2006-03-21,0,0,0,4230,0.0780141843971631,0,4230,0,0,2.05678980815843
"2006-03-22",2006-03-22,-0.0212765957446809,1131400,-0.0212765957446809,4140,0.0579710144927537,3900,4230,1107,0,1.8256914527576
"2006-03-23",2006-03-23,0.00966183574879227,732800,-0.0118203309692672,4180,0.0669856459330144,3900,4230,0,1.1555023923445,1.928997792258
"2006-03-24",2006-03-24,-0.0143540669856459,805500,-0.0260047281323876,4120,0.0533980582524272,3900,4230,0,-2.19999999999999,1.77367116049287
"2006-03-27",2006-03-27,0,699100,-0.0260047281323876,4120,0.0533980582524272,3900,4230,0,-1,1.77367116049287
"2006-03-28",2006-03-28,0.00970873786407767,652400,-0.0165484633569739,4160,0.0625,3900,4230,0,1.17045454545455,1.87746582000458
"2006-03-29",2006-03-29,0.0360576923076923,1319700,0,4310,0.0440835266821346,4120,4310,1107,0,1.86701818016314
"2006-03-30",2006-03-30,-0.00232018561484919,1049200,-0.00232018561484915,4300,0.0418604651162791,4120,4310,1113,0,1.84160813886337
"2006-03-31",2006-03-31,-0.00697674418604651,513500,-0.00928074245939681,4270,0.0351288056206089,4120,4310,0,-4.0000000000001,1.76502859809615
"2006-04-03",2006-04-03,0.0163934426229508,1151600,0,4340,0.0161290322580645,4270,4340,1113,0,1.7106707859807
"2006-04-04",2006-04-04,-0.0184331797235023,877500,-0.0184331797235022,4260,0,0,4340,1116,0,1.51736692226117
"2006-04-05",2006-04-05,-0.00234741784037559,625600,-0.0207373271889402,4250,0,4250,4260,1117,-1.12500000000001,1.5044799980132
"2006-04-06",2006-04-06,0.00470588235294118,743900,-0.0161290322580646,4270,0.00468384074941453,4250,4270,1117,-0.77777777777778,1.55645021711156
"2006-04-07",2006-04-07,-0.0257611241217799,1054000,-0.0414746543778804,4160,0,0,4270,1119,-2.57142857142857,1.38849767978147
"2006-04-10",2006-04-10,0.00480769230769231,751400,-0.0368663594470048,4180,0.00478468899521534,4160,4180,1119,-0.888888888888887,1.44103193556745
"2006-04-11",2006-04-11,-0.00478468899521531,888700,-0.0414746543778804,4160,0,0,4180,1121,-1.125,1.38849767978147
"2006-04-12",2006-04-12,0.00721153846153846,897900,-0.0345622119815669,4190,0.00715990453460624,4160,4190,1121,-0.833333333333331,1.46720326247969
"2006-04-13",2006-04-13,-0.00238663484486874,798100,-0.0368663594470048,4180,0.00478468899521534,4160,4190,1123,-1.06666666666667,1.44103193556745
"2006-04-14",2006-04-14,-0.00717703349282297,1037700,-0.0437788018433182,4150,0,4150,4180,1124,-1.1875,1.3756107555335
"2006-04-17",2006-04-17,-0.0192771084337349,489300,-0.0622119815668204,4070,0,4070,4150,1125,-1.42105263157894,1.27251536154975
"2006-04-18",2006-04-18,0.00491400491400491,798800,-0.057603686635945,4090,0.00488997555012227,4070,4090,1125,-0.925925925925928,1.32563847715385
"2006-04-19",2006-04-19,0.0146699266503667,831000,-0.0437788018433183,4150,0.019277108433735,0,4150,0,3.94216867469878,1.48342617960326
"2006-04-20",2006-04-20,-0.0192771084337349,578900,-0.0622119815668206,4070,0,0,4150,1128,-1.42105263157895,1.27251536154975
"2006-04-21",2006-04-21,0.00491400491400491,755000,-0.0576036866359451,4090,0.00488997555012227,4070,4090,1128,-0.925925925925927,1.32563847715385
"2006-04-24",2006-04-24,-0.0317848410757946,848200,-0.0875576036866362,3960,0,0,4090,1130,-1.52,1.13075919482208
"2006-04-25",2006-04-25,0.0252525252525253,632800,-0.0645161290322583,4060,0.0246305418719212,3960,4060,1130,-0.736842105263159,1.39738521374559
"2006-04-26",2006-04-26,0,433600,-0.0645161290322583,4060,0.0246305418719212,0,4060,0,-1,1.39738521374559
"2006-04-27",2006-04-27,0.00738916256157635,416800,-0.0576036866359451,4090,0.0317848410757946,0,4090,0,1.29046454767726,1.47605944624872
"2006-04-28",2006-04-28,-0.0317848410757946,1034900,-0.0875576036866362,3960,0,0,4090,1134,-1.52,1.13075919482208
"2006-05-01",2006-05-01,-0.00505050505050505,397700,-0.0921658986175119,3940,0,3940,3960,1135,-1.05263157894737,1.10498534632615
"2006-05-02",2006-05-02,0.0101522842639594,858400,-0.0829493087557607,3980,0.0100502512562815,3940,3980,1135,-0.9,1.21274334606796
"2006-05-03",2006-05-03,0,0,-0.0829493087557607,3980,0.0100502512562815,0,3980,0,-1,1.21274334606796
"2006-05-04",2006-05-04,0,0,-0.0829493087557607,3980,0.0100502512562815,0,3980,0,-1,1.21274334606796
"2006-05-05",2006-05-05,0,0,-0.0829493087557607,3980,0.0100502512562815,0,3980,0,-1,1.21274334606796
"2006-05-08",2006-05-08,-0.0175879396984925,1521900,-0.0990783410138252,3910,0,0,3980,1140,-1.19444444444444,1.06632457358224
"2006-05-09",2006-05-09,-0.00767263427109974,628300,-0.105990783410139,3880,0,3880,3910,1141,-1.06976744186047,1.02766380083833
"2006-05-10",2006-05-10,-0.0180412371134021,1211500,-0.122119815668203,3810,0,3810,3880,1142,-1.15217391304348,0.937455331102545
"2006-05-11",2006-05-11,-0.0131233595800525,1136300,-0.133640552995392,3760,0,3760,3810,1143,-1.09433962264151,0.873020709862698
"2006-05-12",2006-05-12,-0.0106382978723404,1838500,-0.142857142857143,3720,0,3720,3760,1144,-1.06896551724138,0.821473012870821
"2006-05-15",2006-05-15,-0.00806451612903226,1371100,-0.149769585253457,3690,0,3690,3720,1145,-1.04838709677419,0.782812240126914
"2006-05-16",2006-05-16,-0.040650406504065,3002400,-0.184331797235023,3540,0,3540,3690,1146,-1.23076923076923,0.589508376407374
"2006-05-17",2006-05-17,-0.019774011299435,2572900,-0.200460829493088,3470,0,3470,3540,1147,-1.0875,0.499299906671589
"2006-05-18",2006-05-18,0.00288184438040346,2273000,-0.19815668202765,3480,0.00287356321839083,3470,3480,1147,-0.988505747126437,0.528258454838003
"2006-05-19",2006-05-19,-0.0114942528735632,1750000,-0.207373271889401,3440,0,0,3480,1149,-1.04651162790698,0.460639133927681
"2006-05-22",2006-05-22,-0.0377906976744186,2226700,-0.237327188940092,3310,0,3310,3440,1150,-1.14444444444444,0.29310911870408
"2006-05-23",2006-05-23,0.00906344410876133,2177300,-0.230414746543779,3340,0.00898203592814373,3310,3340,1150,-0.970873786407767,0.382005745851749
"2006-05-24",2006-05-24,0.0179640718562874,2165000,-0.216589861751152,3400,0.0264705882352941,0,3400,0,2.94705882352941,0.557139454913945
"2006-05-25",2006-05-25,-0.0264705882352941,1672600,-0.237327188940092,3310,0,0,3400,1153,-1.09574468085106,0.293109118704081
"2006-05-26",2006-05-26,-0.00302114803625378,1263800,-0.23963133640553,3300,0,3300,3310,1154,-1.00970873786408,0.280222194456112
"2006-05-29",2006-05-29,0.0121212121212121,1222600,-0.230414746543779,3340,0.0119760479041916,3300,3340,1154,-0.961538461538462,0.398751030653003
"2006-05-30",2006-05-30,0,1515300,-0.230414746543779,3340,0.0119760479041916,0,3340,0,-1,0.398751030653003
"2006-05-31",2006-05-31,-0.0239520958083832,1115000,-0.248847926267281,3260,0,0,3340,1157,-1.08,0.228674497464235
"2006-06-01",2006-06-01,0,888100,-0.248847926267281,3260,0,3260,3260,1157,-1,0.228674497464235
"2006-06-02",2006-06-02,0.0122699386503067,1354300,-0.23963133640553,3300,0.0121212121212121,0,3300,0,-0.962962962962963,0.34801522625755
"2006-06-05",2006-06-05,0,945800,-0.23963133640553,3300,0.0121212121212121,0,3300,0,-1,0.34801522625755
"2006-06-06",2006-06-06,-0.0242424242424242,893900,-0.258064516129032,3220,0,0,3300,1161,-1.07692307692308,0.177126800472357
"2006-06-07",2006-06-07,0.0031055900621118,1482600,-0.255760368663595,3230,0.00309597523219818,3220,3230,1161,-0.991071428571429,0.207329282378588
"2006-06-08",2006-06-08,-0.0154798761609907,3331900,-0.267281105990784,3180,0,0,3230,1163,-1.04504504504504,0.12557910348048
"2006-06-09",2006-06-09,0.0534591194968553,4802400,-0.228110599078341,3350,0.0507462686567164,3180,3350,1163,-0.853448275862069,0.62847689659601
"2006-06-12",2006-06-12,0.00895522388059702,1203500,-0.221198156682028,3380,0.0591715976331361,0,3380,0,1.16602854159415,0.714259903446888
"2006-06-13",2006-06-13,-0.0562130177514793,1425200,-0.264976958525346,3190,0.00313479623824453,3180,3380,1166,-1.19791666666667,0.155998708366753
"2006-06-14",2006-06-14,0.00313479623824451,2388400,-0.262672811059908,3200,0.00624999999999998,3180,3380,0,1.99374999999998,0.186308733999035
"2006-06-15",2006-06-15,-0.00625,1075400,-0.267281105990784,3180,0,3180,3200,1168,-1.01754385964912,0.12557910348048
"2006-06-16",2006-06-16,0.0283018867924528,1430300,-0.246543778801843,3270,0.0275229357798165,3180,3270,1168,-0.922413793103448,0.395495140710883
"2006-06-19",2006-06-19,-0.0122324159021407,722100,-0.255760368663595,3230,0.0154798761609907,3180,3270,1170,-1.03738317757009,0.276591513011637
"2006-06-20",2006-06-20,-0.00928792569659443,625700,-0.262672811059908,3200,0.00624999999999998,3180,3270,0,-1.02702702702703,0.186308733999036
"2006-06-21",2006-06-21,-0.01875,1147900,-0.276497695852535,3140,0,3140,3230,1172,-1.05263157894737,0.0740314064886034
"2006-06-22",2006-06-22,0.00636942675159236,1778100,-0.271889400921659,3160,0.00632911392405067,3140,3160,1172,-0.983333333333333,0.13520351526061
"2006-06-23",2006-06-23,-0.00949367088607595,1099800,-0.278801843317973,3130,0,0,3160,1174,-1.02542372881356,0.0611444822406332
"2006-06-26",2006-06-26,0.00319488817891374,643300,-0.276497695852535,3140,0.00318471337579618,3130,3140,1174,-0.991735537190083,0.0918432699396171
"2006-06-27",2006-06-27,-0.00636942675159236,783300,-0.28110599078341,3120,0,0,3140,1176,-1.01666666666667,0.0482575579926637
"2006-06-28",2006-06-28,-0.0224358974358974,745100,-0.297235023041475,3050,0,3050,3120,1177,-1.05737704918033,-0.0419509117431207
"2006-06-29",2006-06-29,0.00327868852459016,582400,-0.294930875576037,3060,0.00326797385620914,3050,3060,1177,-0.992248062015504,-0.0107864544114307
"2006-06-30",2006-06-30,0.0326797385620915,1262700,-0.271889400921659,3160,0.0348101265822784,0,3160,0,10.6518987341772,0.294495686502913
"2006-07-03",2006-07-03,0.0284810126582278,1285700,-0.251152073732719,3250,0.0615384615384615,0,3250,0,1.76783216783217,0.559967580823567
"2006-07-04",2006-07-04,0.0215384615384615,1177700,-0.235023041474655,3320,0.0813253012048193,0,3320,0,1.32153614457831,0.76084236324634
"2006-07-05",2006-07-05,-0.0120481927710843,815700,-0.244239631336406,3280,0.0701219512195121,3050,3320,1182,-1.03921568627451,0.646635168652945
"2006-07-06",2006-07-06,-0.024390243902439,671300,-0.262672811059908,3200,0.046875,3050,3320,0,-1.07547169811321,0.413521317146044
"2006-07-07",2006-07-07,-0.003125,519800,-0.264976958525346,3190,0.0438871473354232,3050,3320,0,-1.00877192982456,0.383923556664691
"2006-07-10",2006-07-10,0.0188087774294671,759700,-0.251152073732719,3250,0.0615384615384615,3050,3320,0,1.4021978021978,0.559967580823567
"2006-07-11",2006-07-11,0.00307692307692308,543500,-0.248847926267281,3260,0.0644171779141104,3050,3320,0,1.04677914110429,0.588954950212676
"2006-07-12",2006-07-12,-0.0122699386503067,664800,-0.258064516129033,3220,0.0527950310559007,3050,3320,0,-1.03703703703704,0.472405456067131
"2006-07-13",2006-07-13,0,868600,-0.258064516129033,3220,0.0527950310559007,3050,3320,0,-1,0.472405456067131
"2006-07-14",2006-07-14,-0.0031055900621118,1387100,-0.26036866359447,3210,0.0498442367601246,3050,3320,0,-1.00892857142857,0.443014960267686
"2006-07-17",2006-07-17,0,0,-0.26036866359447,3210,0.0498442367601246,3050,3320,0,-1,0.443014960267686
"2006-07-18",2006-07-18,-0.0342679127725857,1307400,-0.285714285714286,3100,0.0161290322580645,3050,3320,0,-1.09734513274336,0.11269217923251
"2006-07-19",2006-07-19,0.0032258064516129,731600,-0.283410138248848,3110,0.0192926045016077,3050,3320,0,1.19614147909968,0.143272726161775
"2006-07-20",2006-07-20,0.0128617363344051,1041600,-0.274193548387097,3150,0.0317460317460317,3050,3320,0,1.64550264550264,0.264471509264149
"2006-07-21",2006-07-21,0,1308900,-0.274193548387097,3150,0.0317460317460317,3050,3320,0,-1,0.264471509264149
"2006-07-24",2006-07-24,-0.0126984126984127,859000,-0.283410138248848,3110,0.0192926045016077,3050,3320,0,-1.03361344537815,0.143272726161775
"2006-07-25",2006-07-25,0,903200,-0.283410138248848,3110,0.0192926045016077,3050,3320,0,-1,0.143272726161775
"2006-07-26",2006-07-26,0.0160771704180064,762400,-0.271889400921659,3160,0.0348101265822784,3050,3320,0,1.80432489451476,0.294495686502913
"2006-07-27",2006-07-27,0.0348101265822785,966500,-0.246543778801844,3270,0.0672782874617737,3050,3320,0,1.93272171253823,0.617843845931197
"2006-07-28",2006-07-28,0.00917431192660551,763300,-0.23963133640553,3300,0.0757575757575758,3050,3320,0,1.12603305785124,0.703928643215102
"2006-07-31",2006-07-31,0.0212121212121212,779300,-0.223502304147466,3370,0.0801186943620178,3100,3370,1182,1.05756676557863,0.818528522760752
"2006-08-01",2006-08-01,-0.00593471810089021,604100,-0.228110599078341,3350,0.0746268656716418,3100,3370,1201,-1.02061855670103,0.762039287607799
"2006-08-02",2006-08-02,-0.00895522388059702,686300,-0.235023041474655,3320,0.0662650602409639,3100,3370,0,-1.03030303030303,0.676611563191842
"2006-08-03",2006-08-03,-0.00301204819277108,479600,-0.237327188940092,3310,0.0634441087613293,3100,3370,0,-1.00980392156863,0.647947268540915
"2006-08-04",2006-08-04,0.00302114803625378,300100,-0.235023041474655,3320,0.0662650602409639,3100,3370,0,1.04446356855995,0.676611563191842
"2006-08-07",2006-08-07,-0.036144578313253,653900,-0.262672811059908,3200,0.03125,3100,3370,0,-1.11764705882353,0.326131862089503
"2006-08-08",2006-08-08,0.0375,673300,-0.235023041474654,3320,0.0662650602409639,3100,3370,0,2.12048192771084,0.676611563191843
"2006-08-09",2006-08-09,0.0120481927710843,685100,-0.225806451612903,3360,0.0773809523809523,3100,3370,0,1.16774891774892,0.790329612604896
"2006-08-10",2006-08-10,-0.00595238095238095,531500,-0.230414746543779,3340,0.0718562874251497,3100,3370,0,-1.02040816326531,0.733656726678073
"2006-08-11",2006-08-11,-0.0119760479041916,926900,-0.23963133640553,3300,0.0606060606060606,3100,3370,0,-1.04,0.619187353463304
"2006-08-14",2006-08-14,0.0363636363636364,712100,-0.211981566820277,3420,0.064327485380117,3200,3420,1201,1.06140350877193,0.794644094553413
"2006-08-15",2006-08-15,-0.0116959064327485,512000,-0.221198156682028,3380,0.0532544378698225,3200,3420,1211,-1.04347826086957,0.681165671946186
"2006-08-16",2006-08-16,0.0502958579881657,1607700,-0.182027649769585,3550,0.047887323943662,3380,3550,1211,-0.822916666666667,0.870225517842718
"2006-08-17",2006-08-17,-0.0112676056338028,1366800,-0.191244239631337,3510,0.0370370370370371,3380,3550,1213,-1.05063291139241,0.757992978612307
"2006-08-18",2006-08-18,0.0056980056980057,631300,-0.186635944700461,3530,0.0424929178470255,3380,3550,0,1.14730878186969,0.814281159961898
"2006-08-21",2006-08-21,-0.0056657223796034,672400,-0.191244239631337,3510,0.0370370370370371,3380,3550,0,-1.02469135802469,0.757992978612306
"2006-08-22",2006-08-22,-0.0227920227920228,1400100,-0.209677419354839,3430,0.0145772594752187,3380,3550,0,-1.09638554216867,0.529281730432172
"2006-08-23",2006-08-23,-0.0116618075801749,1010100,-0.21889400921659,3390,0.00294985250737467,3380,3550,0,-1.04395604395604,0.4127028168873
"2006-08-24",2006-08-24,-0.0206489675516224,1057900,-0.235023041474654,3320,0,3320,3530,1218,-1.07368421052632,0.30599604295205
"2006-08-25",2006-08-25,-0.00301204819277108,1009500,-0.237327188940092,3310,0,3310,3320,1219,-1.00980392156863,0.293109118704081
"2006-08-28",2006-08-28,-0.00604229607250755,725900,-0.241935483870968,3290,0,3290,3310,1220,-1.01941747572816,0.267335270208142
"2006-08-29",2006-08-29,0.0060790273556231,505000,-0.237327188940092,3310,0.0060422960725075,3290,3310,1220,-0.980952380952381,0.326903228212351
"2006-08-30",2006-08-30,-0.00302114803625378,1026100,-0.23963133640553,3300,0.00303030303030305,3290,3310,1222,-1.00970873786408,0.297170452406472
"2006-08-31",2006-08-31,0.0333333333333333,1347100,-0.214285714285714,3410,0.032258064516129,3300,3410,1222,10.6451612903225,0.602395300655345
"2006-09-01",2006-09-01,-0.0234604105571848,936200,-0.232718894009217,3330,0.00900900900900903,3300,3410,1224,-1.08602150537634,0.369269680025414
"2006-09-04",2006-09-04,0.033033033033033,1739500,-0.207373271889401,3440,0.0319767441860465,3330,3440,1224,3.54941860465115,0.639482669857349
"2006-09-05",2006-09-05,0.0203488372093023,1192200,-0.191244239631336,3510,0.0512820512820513,0,3510,0,1.60372960372961,0.837664276669555
"2006-09-06",2006-09-06,-0.0056980056980057,912400,-0.195852534562212,3490,0.0458452722063037,3330,3510,1227,-1.02409638554217,0.781482929889302
"2006-09-07",2006-09-07,-0.0257879656160458,922000,-0.216589861751152,3400,0.0205882352941177,3330,3510,0,-1.10588235294118,0.524239895363249
"2006-09-08",2006-09-08,-0.0264705882352941,3818500,-0.237327188940092,3310,0,3310,3490,1229,-1.09574468085106,0.293109118704082
"2006-09-11",2006-09-11,-0.00906344410876133,749000,-0.244239631336406,3280,0,3280,3310,1230,-1.02912621359223,0.254448345960174
"2006-09-12",2006-09-12,0,1000800,-0.244239631336406,3280,0,3280,3280,1230,-1,0.254448345960174
"2006-09-13",2006-09-13,-0.00304878048780488,949700,-0.246543778801843,3270,0,0,3280,1232,-1.00943396226415,0.241561421712205
"2006-09-14",2006-09-14,0.0122324159021407,730600,-0.237327188940092,3310,0.0120845921450151,3270,3310,1232,-0.962616822429906,0.360697337720622
"2006-09-15",2006-09-15,-0.0151057401812689,694500,-0.248847926267281,3260,0,0,3310,1234,-1.04854368932039,0.228674497464236
"2006-09-18",2006-09-18,0,0,-0.248847926267281,3260,0,3260,3260,1234,-1,0.228674497464236
"2006-09-19",2006-09-19,0.00613496932515337,569100,-0.244239631336405,3280,0.00609756097560976,0,3280,0,-0.981481481481482,0.288551547933459
"2006-09-20",2006-09-20,-0.0182926829268293,1116500,-0.258064516129032,3220,0,0,3280,1237,-1.05660377358491,0.177126800472358
"2006-09-21",2006-09-21,0.0062111801242236,685300,-0.253456221198157,3240,0.00617283950617287,3220,3240,1237,-0.982142857142858,0.237424878126436
"2006-09-22",2006-09-22,-0.0185185185185185,762600,-0.267281105990783,3180,0,0,3240,1239,-1.05454545454545,0.12557910348048
"2006-09-25",2006-09-25,-0.00628930817610063,909500,-0.271889400921659,3160,0,3160,3180,1240,-1.01724137931034,0.0998052549845419
"2006-09-26",2006-09-26,-0.00949367088607595,550300,-0.278801843317972,3130,0,3130,3160,1241,-1.02542372881356,0.0611444822406339
"2006-09-27",2006-09-27,0.0191693290734824,698100,-0.264976958525346,3190,0.0188087774294671,3130,3190,1241,-0.950413223140496,0.243662111558268
"2006-09-28",2006-09-28,0,468000,-0.264976958525346,3190,0.0188087774294671,0,3190,0,-1,0.243662111558268
"2006-09-29",2006-09-29,0.00626959247648903,665400,-0.26036866359447,3210,0.0249221183800623,0,3210,0,1.32502596053998,0.303627418246038
"2006-10-02",2006-10-02,0.00934579439252336,735100,-0.253456221198157,3240,0.0339506172839507,0,3240,0,1.36226851851852,0.392783909338066
"2006-10-03",2006-10-03,0.00925925925925926,739800,-0.246543778801843,3270,0.0428134556574924,0,3270,0,1.26105087572977,0.481013873487927
"2006-10-04",2006-10-04,-0.00611620795107034,611000,-0.251152073732719,3250,0.0369230769230769,3130,3270,1247,-1.01869158878505,0.422295577780648
"2006-10-05",2006-10-05,0.00615384615384615,781500,-0.246543778801843,3270,0.00611620795107037,3250,3270,1247,-0.981651376146789,0.275768914823022
"2006-10-06",2006-10-06,0,510800,-0.246543778801843,3270,0.00611620795107037,0,3270,0,-1,0.275768914823022
"2006-10-09",2006-10-09,0,0,-0.246543778801843,3270,0.00611620795107037,0,3270,0,-1,0.275768914823022
"2006-10-10",2006-10-10,-0.0519877675840979,2519600,-0.285714285714286,3100,0,0,3270,1251,-1.1588785046729,0.0224837094967258
"2006-10-11",2006-10-11,-0.00967741935483871,1748500,-0.292626728110599,3070,0,3070,3100,1252,-1.0241935483871,-0.0161770632471822
"2006-10-12",2006-10-12,0.00977198697068404,1164900,-0.285714285714286,3100,0.00967741935483868,3070,3100,1252,-0.976377952755905,0.0766087913381973
"2006-10-13",2006-10-13,0.00645161290322581,1565000,-0.28110599078341,3120,0.0160256410256411,0,3120,0,1.65598290598292,0.137887768307066
"2006-10-16",2006-10-16,0,892000,-0.28110599078341,3120,0.0160256410256411,0,3120,0,-1,0.137887768307066
"2006-10-17",2006-10-17,0.00320512820512821,945600,-0.278801843317973,3130,0.0191693290734825,0,3130,0,1.1961661341853,0.168357104418627
"2006-10-18",2006-10-18,0.00319488817891374,593600,-0.276497695852535,3140,0.0222929936305732,0,3140,0,1.16295116772824,0.198714450645706
"2006-10-19",2006-10-19,-0.00318471337579618,774200,-0.278801843317973,3130,0.0191693290734825,3070,3140,1258,-1.00833333333333,0.168357104418627
"2006-10-20",2006-10-20,0,822800,-0.278801843317973,3130,0.0191693290734825,3070,3140,0,-1,0.168357104418627
"2006-10-23",2006-10-23,0.012779552715655,1039900,-0.269585253456221,3170,0.0126182965299685,3130,3170,1258,-0.966942148760331,0.183265366912241
"2006-10-24",2006-10-24,0.0189274447949527,1219900,-0.255760368663595,3230,0.0309597523219814,0,3230,0,2.45356037151702,0.363169301302948
"2006-10-25",2006-10-25,-0.00619195046439629,485000,-0.26036866359447,3210,0.0249221183800623,3130,3230,1262,-1.01801801801802,0.303627418246037
"2006-10-26",2006-10-26,0.00934579439252336,778900,-0.253456221198157,3240,0.0092592592592593,3210,3240,1262,-0.973451327433629,0.254686992705505
"2006-10-27",2006-10-27,0.00308641975308642,806100,-0.251152073732719,3250,0.0123076923076924,0,3250,0,1.32923076923077,0.284623574737725
"2006-10-30",2006-10-30,-0.0123076923076923,871700,-0.26036866359447,3210,0,0,3250,1265,-1.03669724770642,0.164239876224388
"2006-10-31",2006-10-31,0.00311526479750779,579500,-0.258064516129033,3220,0.00310559006211175,3210,3220,1265,-0.991150442477877,0.194496133154401
"2006-11-01",2006-11-01,-0.0124223602484472,896800,-0.267281105990784,3180,0,0,3220,1267,-1.03571428571429,0.125579103480479
"2006-11-02",2006-11-02,-0.0125786163522013,870600,-0.276497695852535,3140,0,3140,3180,1268,-1.03448275862069,0.0740314064886016
"2006-11-03",2006-11-03,0,0,-0.276497695852535,3140,0,3140,3140,1268,-1,0.0740314064886016
"2006-11-06",2006-11-06,0.00636942675159236,1069400,-0.271889400921659,3160,0.00632911392405067,0,3160,0,-0.983333333333333,0.135203515260608
"2006-11-07",2006-11-07,0.0126582278481013,811700,-0.262672811059908,3200,0.01875,0,3200,0,2.96249999999999,0.256220298044269
"2006-11-08",2006-11-08,-0.003125,636000,-0.264976958525346,3190,0.0156739811912225,3140,3200,1272,-1.00877192982456,0.226129430919963
"2006-11-09",2006-11-09,0.00940438871473354,907300,-0.258064516129033,3220,0.00931677018633537,3190,3220,1272,-0.973913043478261,0.229234798518493
"2006-11-10",2006-11-10,0.0031055900621118,1743500,-0.255760368663595,3230,0.0123839009287926,0,3230,0,1.32920536635708,0.259275955353374
"2006-11-13",2006-11-13,-0.00309597523219814,657300,-0.258064516129033,3220,0.00931677018633537,3190,3230,1275,-1.00900900900901,0.229234798518492
"2006-11-14",2006-11-14,0.0062111801242236,518800,-0.253456221198157,3240,0.00617283950617287,3220,3240,1275,-0.982142857142857,0.237424878126434
"2006-11-15",2006-11-15,-0.037037037037037,1659100,-0.281105990783411,3120,0,0,3240,1277,-1.10909090909091,0.0482575579926624
"2006-11-16",2006-11-16,0.00961538461538462,1000500,-0.274193548387097,3150,0.00952380952380949,3120,3150,1277,-0.975409836065574,0.140184284294843
"2006-11-17",2006-11-17,0.00634920634920635,1092800,-0.269585253456222,3170,0.0157728706624606,0,3170,0,1.65615141955837,0.200908663832173
"2006-11-20",2006-11-20,-0.0126182965299685,1197900,-0.278801843317973,3130,0.00319488817891378,3120,3170,1280,-1.03418803418803,0.0790132526036306
"2006-11-21",2006-11-21,-0.00319488817891374,806500,-0.281105990783411,3120,0,3120,3130,1281,-1.00826446280992,0.0482575579926618
"2006-11-22",2006-11-22,0.00320512820512821,585000,-0.278801843317973,3130,0.00319488817891378,3120,3130,1281,-0.991803278688524,0.0790132526036306
"2006-11-23",2006-11-23,0,0,-0.278801843317973,3130,0.00319488817891378,0,3130,0,-1,0.0790132526036306
"2006-11-24",2006-11-24,-0.012779552715655,752500,-0.288018433179724,3090,0,0,3130,1284,-1.03305785123967,0.00959678524875439
"2006-11-27",2006-11-27,0.00323624595469256,1084100,-0.285714285714286,3100,0.00322580645161286,3090,3100,1284,-0.992,0.0405254034438807
"2006-11-28",2006-11-28,0.0032258064516129,742200,-0.283410138248848,3110,0.00643086816720262,0,3110,0,1.99356913183284,0.0713379978837206
"2006-11-29",2006-11-29,0.0160771704180064,976300,-0.271889400921659,3160,0.0221518987341772,0,3160,0,3.44462025316453,0.223699165950777
"2006-11-30",2006-11-30,0.00632911392405063,689800,-0.267281105990784,3180,0.0283018867924528,0,3180,0,1.27762803234501,0.2838694371678
"2006-12-01",2006-12-01,0.00943396226415094,618100,-0.26036866359447,3210,0.0373831775700935,0,3210,0,1.3208722741433,0.373321189256861
"2006-12-04",2006-12-04,-0.0249221183800623,896900,-0.278801843317973,3130,0.012779552715655,3090,3210,1290,-1.07079646017699,0.132619563692628
"2006-12-05",2006-12-05,0.00319488817891374,825600,-0.276497695852535,3140,0.0159235668789809,3090,3210,0,1.24601910828025,0.163090723743675
"2006-12-06",2006-12-06,0.00636942675159236,840500,-0.271889400921659,3160,0.0221518987341772,3090,3210,0,1.39113924050633,0.223699165950777
"2006-12-07",2006-12-07,-0.00316455696202532,901600,-0.274193548387097,3150,0.0190476190476191,3090,3210,0,-1.00847457627119,0.193450237853118
"2006-12-08",2006-12-08,0.00634920634920635,3384100,-0.269585253456222,3170,0.0252365930599369,3090,3210,0,1.32492113564668,0.253838554591971
"2006-12-11",2006-12-11,0.0126182965299685,1813900,-0.260368663594471,3210,0.0249221183800623,3130,3210,1290,-0.965811965811966,0.303627418246035
"2006-12-12",2006-12-12,-0.00311526479750779,516100,-0.262672811059908,3200,0.021875,3130,3210,1296,-1.00884955752212,0.273698189055575
"2006-12-13",2006-12-13,0.0125,955200,-0.253456221198157,3240,0.0123456790123457,3200,3240,1296,-0.964912280701755,0.271949107284574
"2006-12-14",2006-12-14,0.037037037037037,1639900,-0.225806451612904,3360,0.0476190476190477,0,3360,0,3.85714285714284,0.623873507735291
"2006-12-15",2006-12-15,0,1001600,-0.225806451612904,3360,0.0476190476190477,0,3360,0,-1,0.623873507735291
"2006-12-18",2006-12-18,-0.0119047619047619,530200,-0.235023041474655,3320,0.036144578313253,3200,3360,1300,-1.04081632653061,0.508149963082844
"2006-12-19",2006-12-19,0.00301204819277108,870200,-0.232718894009217,3330,0.039039039039039,3200,3360,0,1.08008008008008,0.537225389443389
"2006-12-20",2006-12-20,0.021021021021021,1057700,-0.216589861751153,3400,0.0235294117647059,3320,3400,1300,-0.930693069306931,0.540689675138595
"2006-12-21",2006-12-21,-0.00588235294117647,1377800,-0.221198156682028,3380,0.0177514792899408,3320,3400,1303,-1.02127659574468,0.482600282941971
"2006-12-22",2006-12-22,0.0118343195266272,531500,-0.211981566820277,3420,0.0116959064327485,3380,3420,1303,-0.958333333333333,0.500279614362955
"2006-12-25",2006-12-25,0.00292397660818713,299900,-0.209677419354839,3430,0.0145772594752187,0,3430,0,1.2463556851312,0.529281730432171
"2006-12-26",2006-12-26,0.00291545189504373,301800,-0.207373271889401,3440,0.0174418604651163,0,3440,0,1.19651162790697,0.558190153525682
"2006-12-27",2006-12-27,0,258700,-0.207373271889401,3440,0.0174418604651163,0,3440,0,-1,0.558190153525682
"2006-12-28",2006-12-28,0.0116279069767442,829400,-0.19815668202765,3480,0.0287356321839081,0,3480,0,1.64750957854406,0.672903070104003
"2006-12-29",2006-12-29,0.0028735632183908,456700,-0.195852534562212,3490,0.0315186246418339,0,3490,0,1.09684813753582,0.701355062788747
"2007-01-04",2007-01-04,0.0171919770773639,437200,-0.182027649769586,3550,0.047887323943662,0,3550,0,1.51933418693982,0.870225517842716
"2007-01-05",2007-01-05,-0.0253521126760563,1051400,-0.202764976958526,3460,0.023121387283237,3380,3550,1311,-1.11392405063291,0.615729170252953
"2007-01-09",2007-01-09,0.0375722543352601,1106500,-0.172811059907834,3590,0.0362116991643454,3460,3590,1311,1.56615598885794,0.856472319672409
"2007-01-10",2007-01-10,-0.00557103064066852,1103900,-0.17741935483871,3570,0.030812324929972,3460,3590,1313,-1.02666666666667,0.800500175369224
"2007-01-11",2007-01-11,-0.00840336134453781,1086900,-0.184331797235023,3540,0.0225988700564972,3460,3590,0,-1.03896103896104,0.715902164511751
"2007-01-12",2007-01-12,0.0141242937853107,1735900,-0.172811059907834,3590,0.0139275766016713,3540,3590,1313,-0.9375,0.731838890733832
"2007-01-15",2007-01-15,0.00835654596100279,763200,-0.165898617511521,3620,0.0220994475138122,0,3620,0,1.58674033149172,0.816204325609221
"2007-01-16",2007-01-16,-0.00276243093922652,548000,-0.168202764976959,3610,0.0193905817174516,3540,3620,1317,-1.01388888888889,0.788166917792275
"2007-01-17",2007-01-17,0,1028800,-0.168202764976959,3610,0.0193905817174516,3540,3620,0,-1,0.788166917792275
"2007-01-18",2007-01-18,0.0304709141274238,1200600,-0.142857142857143,3720,0.0295698924731183,3610,3720,1317,1.52496159754224,0.986855207386427
"2007-01-19",2007-01-19,-0.0134408602150538,703700,-0.154377880184332,3670,0.0163487738419619,3610,3720,1320,-1.08064516129032,0.848475859592043
"2007-01-22",2007-01-22,0.00544959128065395,726900,-0.149769585253456,3690,0.021680216802168,3610,3720,0,1.32610659439928,0.90406806936526
"2007-01-23",2007-01-23,-0.021680216802168,1100300,-0.168202764976959,3610,0,3610,3690,1322,-1.12307692307692,0.67971684614316
"2007-01-24",2007-01-24,0.00277008310249307,731400,-0.165898617511521,3620,0.00276243093922657,3610,3620,1322,-0.986301369863014,0.70805383979339
"2007-01-25",2007-01-25,-0.0110497237569061,697200,-0.175115207373272,3580,0,0,3620,1324,-1.05555555555556,0.641056073399252
"2007-01-26",2007-01-26,0.0111731843575419,733300,-0.165898617511521,3620,0.011049723756906,3580,3620,1324,-0.947368421052631,0.754404048000175
"2007-01-29",2007-01-29,0.0110497237569061,624200,-0.15668202764977,3660,0.0218579234972678,0,3660,0,1.97814207650274,0.86640119686101
"2007-01-30",2007-01-30,-0.0136612021857923,679300,-0.168202764976959,3610,0.00831024930747926,3580,3660,1327,-1.07352941176471,0.726195448278495
"2007-01-31",2007-01-31,-0.00277008310249307,763100,-0.170506912442396,3600,0.00555555555555554,3580,3660,0,-1.01369863013699,0.697901728137516
"2007-02-01",2007-02-01,0.00277777777777778,610000,-0.168202764976959,3610,0.00831024930747926,3580,3660,0,1.49584487534627,0.726195448278495
"2007-02-02",2007-02-02,0.00554016620498615,737700,-0.163594470046083,3630,0.0137741046831956,3580,3660,0,1.6574839302112,0.782528230777097
"2007-02-05",2007-02-05,-0.0137741046831956,753900,-0.175115207373272,3580,0,3580,3630,1331,-1.07042253521127,0.641056073399252
"2007-02-06",2007-02-06,0.00279329608938547,548000,-0.172811059907834,3590,0.00278551532033422,3580,3590,1331,-0.986842105263158,0.669522176264543
"2007-02-07",2007-02-07,-0.0167130919220056,890000,-0.186635944700461,3530,0,0,3590,1333,-1.08,0.576621452159406
"2007-02-08",2007-02-08,-0.0141643059490085,963600,-0.19815668202765,3480,0,3480,3530,1334,-1.06172839506173,0.512186830919559
"2007-02-09",2007-02-09,0.014367816091954,2103700,-0.186635944700461,3530,0.0141643059490085,3480,3530,1334,-0.941860465116279,0.655841354760237
"2007-02-13",2007-02-13,-0.0028328611898017,738700,-0.188940092165899,3520,0.0113636363636364,3480,3530,1336,-1.01234567901235,0.627290495225285
"2007-02-14",2007-02-14,0.00852272727272727,863500,-0.182027649769586,3550,0.0084507042253521,3520,3550,1336,-0.963414634146342,0.649659456629586
"2007-02-15",2007-02-15,0,737600,-0.182027649769586,3550,0.0084507042253521,0,3550,0,-1,0.649659456629586
"2007-02-16",2007-02-16,-0.00563380281690141,573500,-0.186635944700461,3530,0.00283286118980175,3520,3550,1339,-1.0253164556962,0.592465432679572
"2007-02-19",2007-02-19,0,381900,-0.186635944700461,3530,0.00283286118980175,3520,3550,0,-1,0.592465432679572
"2007-02-20",2007-02-20,0.0028328611898017,612100,-0.184331797235023,3540,0.00564971751412424,3520,3550,0,1.99435028248582,0.621106823433468
"2007-02-21",2007-02-21,-0.0225988700564972,856500,-0.202764976958526,3460,0,3460,3540,1342,-1.1,0.486412982423619
"2007-02-22",2007-02-22,0.00289017341040462,1088800,-0.200460829493088,3470,0.00288184438040351,3460,3470,1342,-0.988636363636363,0.515417846509107
"2007-02-23",2007-02-23,-0.00288184438040346,513200,-0.202764976958526,3460,0,0,3470,1344,-1.01149425287356,0.486412982423619
"2007-02-26",2007-02-26,0,792100,-0.202764976958526,3460,0,3460,3460,1344,-1,0.486412982423619
"2007-02-27",2007-02-27,-0.0144508670520231,558100,-0.214285714285715,3410,0,0,3460,1346,-1.05681818181818,0.421978361183772
"2007-02-28",2007-02-28,-0.032258064516129,2313300,-0.23963133640553,3300,0,3300,3410,1347,-1.11827956989247,0.28022219445611
"2007-03-01",2007-03-01,0.00303030303030303,1611700,-0.237327188940093,3310,0.00302114803625375,3300,3310,1347,-0.990384615384616,0.310006173458214
"2007-03-02",2007-03-02,-0.0181268882175227,1146000,-0.251152073732719,3250,0,0,3310,1349,-1.05825242718447,0.215787573216264
"2007-03-05",2007-03-05,-0.0153846153846154,1316300,-0.262672811059908,3200,0,3200,3250,1350,-1.04587155963303,0.151352951976417
"2007-03-06",2007-03-06,-0.00625,1536100,-0.267281105990784,3180,0,3180,3200,1351,-1.01754385964912,0.125579103480479
"2007-03-07",2007-03-07,-0.0314465408805031,2729600,-0.290322580645162,3080,0,3080,3180,1352,-1.08620689655172,-0.00329013899921393
"2007-03-08",2007-03-08,0.038961038961039,2673500,-0.262672811059908,3200,0.0375,3080,3200,1352,-0.904761904761905,0.361087644112117
"2007-03-09",2007-03-09,-0.025,4442200,-0.28110599078341,3120,0.0128205128205128,3080,3200,1354,-1.07017543859649,0.119961726244184
"2007-03-12",2007-03-12,0.0128205128205128,1474800,-0.271889400921659,3160,0.0253164556962026,3080,3200,0,1.97468354430381,0.24139829608881
"2007-03-13",2007-03-13,-0.00632911392405063,1330000,-0.276497695852535,3140,0.0191082802547771,3080,3200,0,-1.01694915254237,0.18090258719469
"2007-03-14",2007-03-14,0.0159235668789809,3356900,-0.264976958525346,3190,0.0344827586206896,3080,3200,0,1.80459770114942,0.331325514749781
"2007-03-15",2007-03-15,-0.0125391849529781,1131500,-0.274193548387097,3150,0.0222222222222223,3080,3200,0,-1.03478260869565,0.211205555705875
"2007-03-16",2007-03-16,0.0222222222222222,2493500,-0.258064516129033,3220,0.031055900621118,3120,3220,1354,1.39751552795031,0.350820127292811
"2007-03-19",2007-03-19,0.0186335403726708,1601900,-0.244239631336406,3280,0.0487804878048781,0,3280,0,1.57073170731708,0.527273961746448
"2007-03-20",2007-03-20,-0.00609756097560976,1097500,-0.248847926267282,3260,0.0429447852760736,3120,3280,1361,-1.0188679245283,0.468861465963193
"2007-03-22",2007-03-22,0.0306748466257669,1169500,-0.225806451612904,3360,0.0297619047619048,3260,3360,1361,-0.907407407407407,0.523999844813529
"2007-03-23",2007-03-23,-0.00595238095238095,869200,-0.230414746543779,3340,0.0239520958083832,3260,3360,1363,-1.02040816326531,0.465732169858015
"2007-03-26",2007-03-26,0.0119760479041916,810100,-0.221198156682028,3380,0.0118343195266272,3340,3380,1363,-0.96,0.449506051441269
"2007-03-27",2007-03-27,-0.0177514792899408,814000,-0.235023041474655,3320,0,0,3380,1365,-1.0625,0.305996042952049
"2007-03-28",2007-03-28,-0.00903614457831325,1085700,-0.241935483870968,3290,0,3290,3320,1366,-1.02941176470588,0.267335270208141
"2007-03-29",2007-03-29,0.0060790273556231,553100,-0.237327188940093,3310,0.0060422960725075,3290,3310,1366,-0.980952380952382,0.326903228212349
"2007-03-30",2007-03-30,-0.00302114803625378,479300,-0.23963133640553,3300,0.00303030303030305,3290,3310,1368,-1.00970873786408,0.29717045240647
"2007-04-02",2007-04-02,0,901200,-0.23963133640553,3300,0.00303030303030305,3290,3310,0,-1,0.29717045240647
"2007-04-03",2007-04-03,0.00909090909090909,686500,-0.232718894009217,3330,0.00900900900900903,3300,3330,1368,2.97297297297296,0.369269680025412
"2007-04-04",2007-04-04,0.015015015015015,764600,-0.221198156682028,3380,0.0236686390532544,0,3380,0,2.62721893491124,0.515694514442674
"2007-04-05",2007-04-05,0.0118343195266272,794900,-0.211981566820277,3420,0.0350877192982456,0,3420,0,1.48245614035088,0.63110827222538
"2007-04-06",2007-04-06,-0.0116959064327485,484200,-0.221198156682028,3380,0.0236686390532544,3300,3420,1373,-1.04347826086957,0.515694514442674
"2007-04-09",2007-04-09,0.014792899408284,656800,-0.209677419354839,3430,0.0145772594752187,3380,3430,1373,-0.947916666666667,0.52928173043217
"2007-04-10",2007-04-10,0,617500,-0.209677419354839,3430,0.0145772594752187,0,3430,0,-1,0.52928173043217
"2007-04-11",2007-04-11,0,588900,-0.209677419354839,3430,0.0145772594752187,0,3430,0,-1,0.52928173043217
"2007-04-12",2007-04-12,-0.0116618075801749,724400,-0.21889400921659,3390,0.00294985250737467,3380,3430,1377,-1.04395604395604,0.4127028168873
"2007-04-13",2007-04-13,0,1210100,-0.21889400921659,3390,0.00294985250737467,3380,3430,0,-1,0.4127028168873
"2007-04-16",2007-04-16,0.0294985250737463,1515200,-0.195852534562212,3490,0.0286532951289399,3390,3490,1377,9.71346704871048,0.685329489368635
"2007-04-17",2007-04-17,-0.00573065902578797,1260500,-0.200460829493088,3470,0.0230547550432276,3390,3490,1380,-1.02352941176471,0.628243425371731
"2007-04-18",2007-04-18,0.00576368876080692,895400,-0.195852534562212,3490,0.00573065902578795,3470,3490,1380,-0.977011494252874,0.557124902007749
"2007-04-19",2007-04-19,-0.00859598853868195,1078900,-0.202764976958526,3460,0,0,3490,1382,-1.03529411764706,0.486412982423619
"2007-04-20",2007-04-20,0.00578034682080925,953800,-0.19815668202765,3480,0.00574712643678166,3460,3480,1382,-0.977272727272727,0.544330078756448
"2007-04-23",2007-04-23,-0.00862068965517241,705600,-0.205069124423963,3450,0,0,3480,1384,-1.03488372093023,0.47352605817565
"2007-04-24",2007-04-24,0.00869565217391304,513500,-0.19815668202765,3480,0.00862068965517238,3450,3480,1384,-0.966292134831461,0.560401702674892
"2007-04-25",2007-04-25,-0.014367816091954,643300,-0.209677419354839,3430,0,0,3480,1386,-1.05813953488372,0.447752209679712
"2007-04-26",2007-04-26,-0.00583090379008746,1078600,-0.214285714285715,3410,0,3410,3430,1387,-1.02197802197802,0.421978361183773
"2007-04-27",2007-04-27,0,880700,-0.214285714285715,3410,0,3410,3410,1387,-1,0.421978361183773
"2007-05-01",2007-05-01,-0.0175953079178886,723200,-0.228110599078341,3350,0,0,3410,1389,-1.06451612903226,0.344656815695957
"2007-05-02",2007-05-02,0.00895522388059702,729100,-0.221198156682028,3380,0.00887573964497046,3350,3380,1389,-0.96969696969697,0.432958935690919
"2007-05-07",2007-05-07,0.00591715976331361,360900,-0.216589861751152,3400,0.0147058823529411,0,3400,0,1.65686274509802,0.491340335812549
"2007-05-08",2007-05-08,0.00588235294117647,588600,-0.211981566820277,3420,0.02046783625731,0,3420,0,1.39181286549708,0.549340361061365
"2007-05-09",2007-05-09,-0.0116959064327485,728500,-0.221198156682028,3380,0.00887573964497046,3350,3420,1393,-1.04347826086957,0.432958935690919
"2007-05-10",2007-05-10,-0.0118343195266272,669400,-0.230414746543779,3340,0,3340,3380,1394,-1.04166666666667,0.331769891447988
"2007-05-11",2007-05-11,0.0029940119760479,1120400,-0.228110599078341,3350,0.0029850746268657,3340,3350,1394,-0.99,0.361352114572431
"2007-05-14",2007-05-14,0.0119402985074627,1391300,-0.21889400921659,3390,0.0147492625368731,0,3390,0,4.94100294985245,0.47869603368516
"2007-05-15",2007-05-15,0.00294985250737463,716800,-0.216589861751152,3400,0.0176470588235295,0,3400,0,1.1964705882353,0.507790115587898
"2007-05-16",2007-05-16,0.00294117647058824,1279900,-0.214285714285715,3410,0.0205278592375366,0,3410,0,1.16324535679374,0.536789140847499
"2007-05-17",2007-05-17,0.0117302052785924,855900,-0.205069124423964,3450,0.0318840579710145,0,3450,0,1.55320910973085,0.651851207044651
"2007-05-18",2007-05-18,-0.0173913043478261,869700,-0.21889400921659,3390,0.0147492625368731,3340,3450,1400,-1.06741573033708,0.47869603368516
"2007-05-21",2007-05-21,0.0117994100294985,731400,-0.209677419354839,3430,0.0262390670553936,3340,3450,0,1.77900874635569,0.594505347034137
"2007-05-22",2007-05-22,-0.00291545189504373,760700,-0.211981566820277,3420,0.0233918128654971,3340,3450,0,-1.01098901098901,0.565693943294167
"2007-05-23",2007-05-23,-0.00292397660818713,834000,-0.214285714285715,3410,0.0205278592375366,3340,3450,0,-1.01086956521739,0.536789140847499
"2007-05-24",2007-05-24,-0.00293255131964809,611700,-0.216589861751152,3400,0.0176470588235295,3340,3450,0,-1.01075268817204,0.507790115587898
"2007-05-25",2007-05-25,-0.0205882352941176,1205700,-0.232718894009217,3330,0,3330,3430,1405,-1.07446808510638,0.318882967200018
"2007-05-28",2007-05-28,0,499200,-0.232718894009217,3330,0,3330,3330,1405,-1,0.318882967200018
"2007-05-29",2007-05-29,-0.00600600600600601,649400,-0.237327188940093,3310,0,0,3330,1407,-1.01980198019802,0.293109118704079
"2007-05-30",2007-05-30,-0.00302114803625378,553400,-0.23963133640553,3300,0,3300,3310,1408,-1.00970873786408,0.28022219445611
"2007-05-31",2007-05-31,0.0151515151515152,800100,-0.228110599078341,3350,0.0149253731343284,3300,3350,1408,-0.951923076923077,0.428133310078325
"2007-06-01",2007-06-01,-0.00597014925373134,512600,-0.232718894009217,3330,0.00900900900900903,3300,3350,1410,-1.02020202020202,0.369269680025412
"2007-06-04",2007-06-04,-0.00900900900900901,424400,-0.23963133640553,3300,0,3300,3330,1411,-1.02970297029703,0.28022219445611
"2007-06-05",2007-06-05,0.0424242424242424,1667200,-0.207373271889401,3440,0.0406976744186046,3300,3440,1411,-0.865384615384615,0.688258179656348
"2007-06-06",2007-06-06,-0.0145348837209302,878400,-0.21889400921659,3390,0.0265486725663717,3300,3440,1413,-1.05555555555556,0.544689250483021
"2007-06-07",2007-06-07,-0.00884955752212389,988100,-0.225806451612903,3360,0.0178571428571429,3300,3440,0,-1.03157894736842,0.457417402865689
"2007-06-08",2007-06-08,-0.00595238095238095,3445300,-0.230414746543779,3340,0.0119760479041916,3300,3440,0,-1.02040816326531,0.398751030653002
"2007-06-11",2007-06-11,0.0239520958083832,806200,-0.211981566820277,3420,0.0350877192982456,3300,3440,0,2.92982456140351,0.63110827222538
"2007-06-12",2007-06-12,-0.0116959064327485,784700,-0.221198156682028,3380,0.0236686390532544,3300,3440,0,-1.04347826086957,0.515694514442674
"2007-06-13",2007-06-13,0.0118343195266272,1061100,-0.211981566820277,3420,0.0350877192982456,3300,3440,0,1.48245614035088,0.63110827222538
"2007-06-14",2007-06-14,-0.0087719298245614,459900,-0.21889400921659,3390,0.0265486725663717,3300,3440,0,-1.03260869565217,0.544689250483021
"2007-06-15",2007-06-15,0.00589970501474926,1102000,-0.214285714285715,3410,0.032258064516129,3300,3440,0,1.21505376344086,0.602395300655343
"2007-06-18",2007-06-18,0.00586510263929619,520000,-0.209677419354839,3430,0.0379008746355685,3300,3440,0,1.17492711370262,0.659728963636105
"2007-06-19",2007-06-19,0.0233236151603499,1480000,-0.191244239631337,3510,0.0484330484330484,3340,3510,1413,1.27788735481043,0.821730017058102
"2007-06-20",2007-06-20,-0.00284900284900285,1012500,-0.193548387096775,3500,0.0457142857142857,3340,3510,1423,-1.01204819277108,0.793637256495207
"2007-06-21",2007-06-21,0.0142857142857143,1068300,-0.182027649769586,3550,0.0140845070422535,3500,3550,1423,-0.940476190476191,0.681168893945747
"2007-06-22",2007-06-22,-0.0338028169014084,1136800,-0.209677419354839,3430,0,0,3550,1425,-1.15189873417721,0.447752209679712
"2007-06-25",2007-06-25,0.00291545189504373,1202900,-0.207373271889401,3440,0.00290697674418605,3430,3440,1425,-0.989010989010989,0.476897637194015
"2007-06-26",2007-06-26,-0.0116279069767442,873200,-0.216589861751152,3400,0,0,3440,1427,-1.04444444444444,0.409091436935804
"2007-06-27",2007-06-27,0,1436200,-0.216589861751152,3400,0,3400,3400,1427,-1,0.409091436935804
"2007-06-28",2007-06-28,0.0205882352941176,762400,-0.200460829493088,3470,0.0201729106628242,0,3470,0,-0.925531914893617,0.612125485534214
"2007-06-29",2007-06-29,0.00576368876080692,611700,-0.195852534562212,3490,0.0257879656160458,0,3490,0,1.27834629553827,0.669303915948525
"2007-07-02",2007-07-02,-0.0171919770773639,626900,-0.209677419354839,3430,0.00874635568513116,3400,3490,1431,-1.07058823529412,0.496669922131188
"2007-07-03",2007-07-03,0.0087463556851312,965400,-0.202764976958526,3460,0.0173410404624278,3400,3490,0,1.98265895953759,0.58340012329562
"2007-07-04",2007-07-04,-0.0115606936416185,406300,-0.211981566820277,3420,0.00584795321637432,3400,3490,0,-1.04545454545454,0.46757244989735
"2007-07-05",2007-07-05,0.00292397660818713,635700,-0.209677419354839,3430,0.00874635568513116,3400,3490,0,1.49562682215741,0.496669922131188
"2007-07-06",2007-07-06,-0.0145772594752187,1030700,-0.221198156682028,3380,0,3380,3460,1435,-1.05494505494506,0.383317588439866
"2007-07-09",2007-07-09,-0.00887573964497041,1689900,-0.228110599078341,3350,0,3350,3380,1436,-1.03125,0.344656815695958
"2007-07-10",2007-07-10,0,885600,-0.228110599078341,3350,0,3350,3350,1436,-1,0.344656815695958
"2007-07-11",2007-07-11,-0.00597014925373134,647200,-0.232718894009217,3330,0,0,3350,1438,-1.02020202020202,0.318882967200019
"2007-07-12",2007-07-12,0.003003003003003,466600,-0.230414746543779,3340,0.00299401197604787,3330,3340,1438,-0.99009900990099,0.348515176249242
"2007-07-13",2007-07-13,0.0029940119760479,1567700,-0.228110599078341,3350,0.00597014925373129,0,3350,0,1.99402985074627,0.378047413448905
"2007-07-17",2007-07-17,0,445200,-0.228110599078341,3350,0.00597014925373129,0,3350,0,-1,0.378047413448905
"2007-07-18",2007-07-18,-0.026865671641791,1118100,-0.248847926267281,3260,0,0,3350,1442,-1.09090909090909,0.228674497464235
"2007-07-19",2007-07-19,0.00613496932515337,594200,-0.244239631336406,3280,0.00609756097560976,3260,3280,1442,-0.981481481481482,0.288551547933458
"2007-07-20",2007-07-20,0,407800,-0.244239631336406,3280,0.00609756097560976,0,3280,0,-1,0.288551547933458
"2007-07-23",2007-07-23,-0.0152439024390244,753400,-0.255760368663595,3230,0,0,3280,1445,-1.04716981132076,0.190013724720326
"2007-07-24",2007-07-24,0,530400,-0.255760368663595,3230,0,3230,3230,1445,-1,0.190013724720326
"2007-07-25",2007-07-25,-0.0154798761609907,529000,-0.267281105990783,3180,0,0,3230,1447,-1.04504504504504,0.12557910348048
"2007-07-26",2007-07-26,0.00314465408805031,560100,-0.264976958525346,3190,0.00313479623824453,3180,3190,1447,-0.991379310344827,0.155998708366754
"2007-07-27",2007-07-27,-0.0156739811912226,681400,-0.276497695852534,3140,0,0,3190,1449,-1.04347826086957,0.074031406488604
"2007-07-30",2007-07-30,-0.0127388535031847,1053000,-0.285714285714286,3100,0,3100,3140,1450,-1.03333333333333,0.0224837094967264
"2007-07-31",2007-07-31,-0.0193548387096774,729100,-0.299539170506912,3040,0,3040,3100,1451,-1.04838709677419,-0.0548378359910891
"2007-08-01",2007-08-01,-0.00986842105263158,1e+06,-0.306451612903226,3010,0,3010,3040,1452,-1.02307692307692,-0.0934986087349971
"2007-08-02",2007-08-02,0.0199335548172757,1298800,-0.292626728110599,3070,0.0195439739413681,3010,3070,1452,-0.954887218045113,0.0931309196248447
"2007-08-03",2007-08-03,-0.0195439739413681,784500,-0.306451612903226,3010,0,0,3070,1454,-1.04724409448819,-0.0934986087349977
"2007-08-06",2007-08-06,0.00332225913621262,819500,-0.304147465437788,3020,0.00331125827814571,3010,3020,1454,-0.992481203007519,-0.0620920648723973
"2007-08-07",2007-08-07,0.043046357615894,1810100,-0.274193548387097,3150,0.0444444444444444,0,3150,0,13.4222222222221,0.335492780675181
"2007-08-08",2007-08-08,0.0222222222222222,1312400,-0.258064516129032,3220,0.0652173913043478,0,3220,0,1.46739130434783,0.541882786795314
"2007-08-09",2007-08-09,0.0124223602484472,1731500,-0.248847926267281,3260,0.0766871165644172,0,3260,0,1.1758691206544,0.657579798355238
"2007-08-10",2007-08-10,0.0153374233128834,2613700,-0.237327188940092,3310,0.0906344410876133,0,3310,0,1.18187311178248,0.80002076132813
"2007-08-13",2007-08-13,-0.0302114803625378,1290800,-0.26036866359447,3210,0.0623052959501558,3010,3310,1460,-1.09708737864078,0.512708731278512
"2007-08-14",2007-08-14,-0.00311526479750779,637400,-0.262672811059908,3200,0.059375,3010,3310,0,-1.00884955752212,0.483432881191278
"2007-08-15",2007-08-15,-0.009375,726000,-0.269585253456221,3170,0.0504731861198738,3010,3310,0,-1.02631578947368,0.394984929951435
"2007-08-16",2007-08-16,-0.00630914826498423,1101600,-0.274193548387097,3150,0.0444444444444444,3010,3310,0,-1.01709401709402,0.33549278067518
"2007-08-17",2007-08-17,-0.00952380952380952,1387600,-0.28110599078341,3120,0.0352564102564102,3010,3310,0,-1.02521008403361,0.245444020684348
"2007-08-20",2007-08-20,-0.0128205128205128,1607500,-0.290322580645161,3080,0.0227272727272727,3010,3310,0,-1.0327868852459,0.123821795628484
"2007-08-21",2007-08-21,0.0357142857142857,2164700,-0.264976958525346,3190,0.0564263322884012,3010,3310,0,2.48275862068966,0.454054279217906
"2007-08-22",2007-08-22,0.00626959247648903,740900,-0.26036866359447,3210,0.0623052959501558,3010,3310,0,1.10418830044998,0.512708731278512
"2007-08-23",2007-08-23,0,821500,-0.26036866359447,3210,0.0623052959501558,3010,3310,0,-1,0.512708731278512
"2007-08-24",2007-08-24,-0.00623052959501558,858700,-0.264976958525346,3190,0.0564263322884012,3010,3310,0,-1.01769911504425,0.454054279217906
"2007-08-27",2007-08-27,-0.0188087774294671,1313800,-0.278801843317972,3130,0.0383386581469649,3010,3310,0,-1.05217391304348,0.275569726596622
"2007-08-28",2007-08-28,0.00638977635782748,710900,-0.274193548387097,3150,0.0444444444444444,3010,3310,0,1.15925925925926,0.335492780675181
"2007-08-29",2007-08-29,-0.00317460317460317,763900,-0.276497695852534,3140,0.0414012738853503,3010,3310,0,-1.00840336134454,0.305585631351798
"2007-08-30",2007-08-30,0.0159235668789809,994300,-0.264976958525345,3190,0.0564263322884012,3010,3310,0,1.36291294911985,0.454054279217906
"2007-08-31",2007-08-31,0.0125391849529781,932100,-0.255760368663594,3230,0.0681114551083591,3010,3310,0,1.20708634330925,0.570955993202096
"2007-09-03",2007-09-03,-0.00928792569659443,559800,-0.262672811059908,3200,0.059375,3010,3310,0,-1.02702702702703,0.483432881191279
"2007-09-04",2007-09-04,0.009375,782100,-0.255760368663594,3230,0.0681114551083591,3010,3310,0,1.14714029656184,0.570955993202096
"2007-09-05",2007-09-05,0.00928792569659443,1364500,-0.248847926267281,3260,0.0766871165644172,3010,3310,0,1.12590630228667,0.65757979835524
"2007-09-06",2007-09-06,0,979200,-0.248847926267281,3260,0.0766871165644172,3010,3310,0,-1,0.65757979835524
"2007-09-07",2007-09-07,-0.00920245398773006,668700,-0.255760368663594,3230,0.0681114551083591,3010,3310,0,-1.02777777777778,0.570955993202097
"2007-09-10",2007-09-10,0.00619195046439629,9000,-0.251152073732719,3250,0.0738461538461539,3010,3310,0,1.0841958041958,0.628803582345032
"2007-09-11",2007-09-11,-0.00307692307692308,832200,-0.253456221198156,3240,0.0709876543209876,3010,3310,0,-1.00917431192661,0.599929284286909
"2007-09-12",2007-09-12,0.00617283950617284,1245700,-0.248847926267281,3260,0.0766871165644172,3010,3310,0,1.08028807682049,0.65757979835524
"2007-09-13",2007-09-13,-0.00306748466257669,734400,-0.251152073732719,3250,0.0738461538461539,3010,3310,0,-1.00925925925926,0.628803582345032
"2007-09-14",2007-09-14,0.0184615384615385,3840700,-0.237327188940092,3310,0.0694864048338368,3080,3310,1460,-0.944954128440367,0.681741378049188
"2007-09-18",2007-09-18,-0.00604229607250755,970900,-0.241935483870967,3290,0.0638297872340425,3080,3310,1485,-1.01941747572815,0.624330490864657
"2007-09-19",2007-09-19,0.00303951367781155,1321100,-0.239631336405529,3300,0.0666666666666667,3080,3310,0,1.04444444444444,0.653083869364027
"2007-09-20",2007-09-20,-0.00606060606060606,806500,-0.244239631336405,3280,0.0609756097560976,3080,3310,0,-1.01923076923077,0.595480365693024
"2007-09-21",2007-09-21,0.00609756097560976,1123000,-0.239631336405529,3300,0.0666666666666667,3080,3310,0,1.09333333333333,0.653083869364027
"2007-09-25",2007-09-25,-0.0181818181818182,779400,-0.253456221198156,3240,0.0493827160493827,3080,3310,0,-1.05769230769231,0.479094482233419
"2007-09-26",2007-09-26,0.00308641975308642,564500,-0.251152073732718,3250,0.0523076923076923,3080,3310,0,1.05923076923077,0.508340579682477
"2007-09-27",2007-09-27,0.0246153846153846,979500,-0.232718894009216,3330,0.027027027027027,3240,3330,1485,-0.926605504587156,0.470043105676204
"2007-09-28",2007-09-28,-0.021021021021021,907500,-0.24884792626728,3260,0.00613496932515334,3240,3330,1492,-1.06930693069307,0.262986921535519
"2007-10-01",2007-10-01,0.00306748466257669,908600,-0.246543778801843,3270,0.00917431192660545,3240,3330,0,1.4954128440367,0.292872661378434
"2007-10-02",2007-10-02,0.00305810397553517,699400,-0.244239631336405,3280,0.0121951219512195,3240,3330,0,1.32926829268294,0.322654749906747
"2007-10-03",2007-10-03,-0.00914634146341463,820000,-0.251152073732718,3250,0.00307692307692309,3240,3330,0,-1.02830188679245,0.232996573596634
"2007-10-04",2007-10-04,-0.00307692307692308,819000,-0.253456221198156,3240,0,3240,3280,1496,-1.00917431192661,0.2029006489683
"2007-10-05",2007-10-05,-0.0123456790123457,638400,-0.262672811059907,3200,0,3200,3240,1497,-1.03636363636364,0.151352951976422
"2007-10-09",2007-10-09,-0.0125,1119300,-0.271889400921658,3160,0,3160,3200,1498,-1.03508771929825,0.099805254984545
"2007-10-10",2007-10-10,0,685800,-0.271889400921658,3160,0,3160,3160,1498,-1,0.099805254984545
"2007-10-11",2007-10-11,0.00949367088607595,847600,-0.264976958525345,3190,0.00940438871473359,0,3190,0,-0.974576271186441,0.191064069643363
"2007-10-12",2007-10-12,0.0125391849529781,1878100,-0.255760368663594,3230,0.021671826625387,0,3230,0,2.30443756449947,0.311222628328166
"2007-10-15",2007-10-15,0.00309597523219814,397800,-0.253456221198156,3240,0.0246913580246914,0,3240,0,1.13932980599647,0.34099756560086
"2007-10-16",2007-10-16,-0.00925925925925926,65010000,-0.26036866359447,3210,0.0155763239875389,3160,3240,1503,-1.02727272727273,0.251357089987922
"2007-10-17",2007-10-17,-0.0342679127725857,149890000,-0.285714285714285,3100,0,3100,3210,1504,-1.09734513274336,0.0224837094967295
"2007-10-18",2007-10-18,0,706300,-0.285714285714285,3100,0,3100,3100,1504,-1,0.0224837094967295
"2007-10-19",2007-10-19,-0.0129032258064516,64320000,-0.294930875576036,3060,0,0,3100,1506,-1.03225806451613,-0.0290639874951481
"2007-10-22",2007-10-22,-0.0130718954248366,1031300,-0.304147465437787,3020,0,3020,3060,1507,-1.03125,-0.0806116844870251
"2007-10-23",2007-10-23,0.0033112582781457,73440000,-0.30184331797235,3030,0.00330033003300334,3020,3030,1507,-0.992424242424243,-0.0492662614812385
"2007-10-24",2007-10-24,-0.0066006600660066,728100,-0.306451612903225,3010,0,0,3030,1509,-1.01526717557252,-0.093498608734994
"2007-10-25",2007-10-25,0.00332225913621262,110150000,-0.304147465437787,3020,0.00331125827814571,3010,3020,1509,-0.992481203007519,-0.0620920648723936
"2007-10-26",2007-10-26,0.0033112582781457,54540000,-0.30184331797235,3030,0.00660066006600657,0,3030,0,1.99339933993397,-0.0308077627234221
"2007-10-29",2007-10-29,0.0066006600660066,59540000,-0.297235023041474,3050,0.0131147540983606,0,3050,0,1.98688524590164,0.0313989259436844
"2007-10-30",2007-10-30,-0.00983606557377049,79450000,-0.304147465437787,3020,0.00331125827814571,3010,3050,1513,-1.02325581395349,-0.0620920648723936
"2007-10-31",2007-10-31,-0.0033112582781457,855700,-0.306451612903225,3010,0,3010,3020,1514,-1.00757575757576,-0.0934986087349952
"2007-11-01",2007-11-01,0.0166112956810631,90780000,-0.294930875576036,3060,0.0163398692810458,3010,3060,1514,-0.962406015037594,0.0623236779234574
"2007-11-02",2007-11-02,-0.0130718954248366,100750000,-0.304147465437787,3020,0.00331125827814571,3010,3060,1516,-1.03125,-0.0620920648723936
"2007-11-05",2007-11-05,0.0132450331125828,985600,-0.294930875576036,3060,0.0130718954248366,3020,3060,1516,3.94771241830062,0.0440461448397363
"2007-11-06",2007-11-06,0.00326797385620915,117710000,-0.292626728110599,3070,0.0162866449511401,0,3070,0,1.24592833876222,0.0749129224795101
"2007-11-07",2007-11-07,-0.0130293159609121,89530000,-0.30184331797235,3030,0.00330033003300334,3020,3070,1519,-1.03149606299213,-0.0492662614812385
"2007-11-08",2007-11-08,-0.0462046204620462,164400000,-0.334101382488479,2890,0,2890,3030,1520,-1.10687022900763,-0.248141699710626
"2007-11-09",2007-11-09,-0.00346020761245675,165690000,-0.336405529953917,2880,0,2880,2890,1521,-1.00689655172414,-0.261028623958596
"2007-11-12",2007-11-12,-0.0138888888888889,155380000,-0.345622119815668,2840,0,2840,2880,1522,-1.02739726027397,-0.312576320950473
"2007-11-13",2007-11-13,0.00352112676056338,126750000,-0.34331797235023,2850,0.00350877192982457,2840,2850,1522,-0.993333333333333,-0.280065098023139
"2007-11-14",2007-11-14,0.0491228070175439,178010000,-0.311059907834101,2990,0.0501672240802675,0,2990,0,14.2976588628762,0.161309070709803
"2007-11-15",2007-11-15,-0.0301003344481605,101300000,-0.331797235023041,2900,0.0206896551724138,2840,2990,1525,-1.06666666666667,-0.119539083249857
"2007-11-16",2007-11-16,-0.0172413793103448,98030000,-0.34331797235023,2850,0.00350877192982457,2840,2990,0,-1.03472222222222,-0.280065098023139
"2007-11-19",2007-11-19,0,79570000,-0.34331797235023,2850,0.00350877192982457,2840,2990,0,-1,-0.280065098023139
"2007-11-20",2007-11-20,-0.00350877192982456,131900000,-0.345622119815668,2840,0,2840,2900,1528,-1.00671140939597,-0.312576320950473
"2007-11-21",2007-11-21,-0.0176056338028169,166360000,-0.357142857142857,2790,0,2790,2840,1529,-1.03333333333333,-0.377010942190319
"2007-11-22",2007-11-22,0.010752688172043,107100000,-0.350230414746543,2820,0.0106382978723404,2790,2820,1529,-0.980645161290323,-0.27885096600366
"2007-11-26",2007-11-26,0,14200,-0.350230414746543,2820,0.0106382978723404,0,2820,0,-1,-0.27885096600366
"2007-11-27",2007-11-27,-0.0106382978723404,108100000,-0.357142857142857,2790,0,0,2820,1532,-1.01973684210526,-0.377010942190319
"2007-11-28",2007-11-28,-0.014336917562724,70730000,-0.366359447004608,2750,0,2750,2790,1533,-1.0258064516129,-0.428558639182196
"2007-11-29",2007-11-29,0.0218181818181818,112420000,-0.352534562211981,2810,0.0213523131672598,2750,2810,1533,-0.962264150943396,-0.231815204933839
"2007-11-30",2007-11-30,0.0106761565836299,76990000,-0.345622119815668,2840,0.0316901408450704,0,2840,0,1.48415492957746,-0.135335736047064
"2007-12-03",2007-12-03,0.00352112676056338,110920000,-0.34331797235023,2850,0.0350877192982456,0,2850,0,1.10721247563353,-0.103446409908865
"2007-12-04",2007-12-04,0.0421052631578947,177540000,-0.315668202764976,2970,0.0740740740740741,0,2970,0,2.11111111111111,0.269244444170808
"2007-12-05",2007-12-05,0.00673400673400673,121420000,-0.311059907834101,2990,0.080267558528428,0,2990,0,1.08361204013378,0.329657987474245
"2007-12-06",2007-12-06,-0.0100334448160535,140460000,-0.317972350230414,2960,0.0709459459459459,2750,2990,1539,-1.02222222222222,0.238862133525133
"2007-12-07",2007-12-07,0.0101351351351351,101710000,-0.311059907834101,2990,0.0100334448160535,2960,2990,1539,-0.978260869565218,-0.0631561516427859
"2007-12-10",2007-12-10,-0.00668896321070234,92630000,-0.315668202764976,2970,0.00336700336700335,2960,2990,1541,-1.01481481481481,-0.12621490800425
"2007-12-11",2007-12-11,0.0101010101010101,110320000,-0.308755760368663,3000,0.01,2970,3000,1541,2.97000000000002,-0.0504562817467774
"2007-12-12",2007-12-12,0,91050000,-0.308755760368663,3000,0.01,0,3000,0,-1,-0.0504562817467774
"2007-12-13",2007-12-13,-0.0366666666666667,103950000,-0.334101382488479,2890,0,0,3000,1544,-1.08208955223881,-0.248141699710626
"2007-12-14",2007-12-14,0.0173010380622837,307060000,-0.32258064516129,2940,0.0170068027210885,2890,2940,1544,-0.96551724137931,-0.0885893042595776
"2007-12-17",2007-12-17,-0.0136054421768707,79810000,-0.331797235023041,2900,0.00344827586206897,2890,2940,1546,-1.02857142857143,-0.215968826760523
"2007-12-18",2007-12-18,0.00692071310344827,7300,-0.327172795391704,2920.070068,0.0102977213901567,2890,2940,0,2.98633920314544,-0.151796246186864
"2007-12-19",2007-12-19,-0.0137222967486683,67580000,-0.336405529953916,2880,0,2880,2920.070068,1548,-1.02821975021229,-0.261028623958595
"2007-12-20",2007-12-20,0.00347222222222222,71730000,-0.334101382488479,2890,0.0034602076124568,2880,2890,1548,-0.993150684931507,-0.228789017621979
"2007-12-21",2007-12-21,0.0207612456747405,136150000,-0.320276497695852,2950,0.023728813559322,0,2950,0,6.85762711864395,-0.0381066767132134
"2007-12-25",2007-12-25,0.0135593220338983,72670000,-0.311059907834101,2990,0.0367892976588629,0,2990,0,1.55040611562351,0.086487329925608
"2007-12-26",2007-12-26,0.00334448160535117,39690000,-0.308755760368663,3000,0.04,0,3000,0,1.08727272727273,0.117331471961784
"2007-12-27",2007-12-27,-0.00666666666666667,38750000,-0.313364055299538,2980,0.0335570469798657,2880,3000,1553,-1.01492537313433,0.0555226696492418
"2008-01-07",2008-01-07,-0.0402684563758389,88510000,-0.341013824884792,2860,0,2860,2980,1554,-1.08823529411765,-0.286802472454533
"2008-01-08",2008-01-08,-0.0104895104895105,107140000,-0.347926267281105,2830,0,2830,2860,1555,-1.02027027027027,-0.325463245198441
"2008-01-09",2008-01-09,-0.0106007067137809,162900000,-0.354838709677419,2800,0,2800,2830,1556,-1.01986754966887,-0.364124017942348
"2008-01-10",2008-01-10,-0.0214285714285714,96060000,-0.368663594470045,2740,0,2740,2800,1557,-1.03896103896104,-0.441445563430165
"2008-01-11",2008-01-11,-0.0145985401459854,188450000,-0.377880184331797,2700,0,2700,2740,1558,-1.025,-0.492993260422042
"2008-01-15",2008-01-15,0,90640000,-0.377880184331797,2700,0,2700,2700,1558,-1,-0.492993260422042
"2008-01-16",2008-01-16,-0.0333333333333333,955600,-0.398617511520737,2610,0,0,2700,1560,-1.05487804878049,-0.608975578653766
"2008-01-17",2008-01-17,0.0306513409961686,104320000,-0.380184331797234,2690,0.0297397769516728,2610,2690,1560,-0.953757225433526,-0.339547838986184
"2008-01-18",2008-01-18,-0.00743494423791822,141170000,-0.38479262672811,2670,0.0224719101123596,2610,2690,1562,-1.01212121212121,-0.405970322522834
"2008-01-21",2008-01-21,-0.0861423220973783,262320000,-0.437788018433179,2440,0,2440,2670,1563,-1.1377245508982,-0.828053290869244
"2008-01-22",2008-01-22,-0.0573770491803279,2444200,-0.470046082949308,2300,0,2300,2440,1564,-1.07368421052632,-1.00847023034081
"2008-01-23",2008-01-23,0.0173913043478261,153660000,-0.460829493087557,2340,0.0170940170940171,2300,2340,1564,-0.980392156862745,-0.861316975680242
"2008-01-24",2008-01-24,0,221200000,-0.460829493087557,2340,0.0170940170940171,0,2340,0,-1,-0.861316975680242
"2008-01-25",2008-01-25,0.0170940170940171,181240000,-0.451612903225806,2380,0.0336134453781513,0,2380,0,1.96638655462184,-0.717377353210214
"2008-01-28",2008-01-28,-0.0294117647058824,180650000,-0.46774193548387,2310,0.00432900432900429,2300,2380,1568,-1.03571428571429,-0.971371509020904
"2008-01-29",2008-01-29,0.038961038961039,85490000,-0.44700460829493,2400,0.0375,2310,2400,1568,8.66250000000007,-0.669866295725422
"2008-01-30",2008-01-30,-0.00416666666666667,121030000,-0.449308755760368,2390,0.0334728033472803,2310,2400,1570,-1.00515463917526,-0.70527702931014
"2008-01-31",2008-01-31,0.0292887029288703,131490000,-0.433179723502304,2460,0.0284552845528455,2390,2460,1570,-0.964102564102564,-0.643131166497978
"2008-02-01",2008-02-01,-0.0284552845528455,87660000,-0.449308755760368,2390,0,0,2460,1572,-1.03723404255319,-0.892487912109092
"2008-02-04",2008-02-04,0.0376569037656904,738200,-0.428571428571428,2480,0.0362903225806451,2390,2480,1572,-0.953846153846154,-0.573536536971851
"2008-02-05",2008-02-05,-0.0161290322580645,62760000,-0.437788018433179,2440,0.0204918032786885,2390,2480,1574,-1.02150537634409,-0.713444169483616
"2008-02-06",2008-02-06,-0.040983606557377,128800000,-0.460829493087557,2340,0,2340,2440,1575,-1.05263157894737,-0.956922533348938
"2008-02-07",2008-02-07,-0.0128205128205128,66150000,-0.467741935483871,2310,0,2310,2340,1576,-1.015,-0.995583306092846
"2008-02-08",2008-02-08,-0.0173160173160173,178140000,-0.476958525345622,2270,0,2270,2310,1577,-1.01970443349754,-1.04713100308472
"2008-02-12",2008-02-12,-0.0176211453744493,90550000,-0.486175115207373,2230,0,2230,2270,1578,-1.01932367149758,-1.0986787000766
"2008-02-13",2008-02-13,0.00896860986547085,862800,-0.481566820276497,2250,0.00888888888888884,2230,2250,1578,-0.990521327014218,-1.02318996159294
"2008-02-14",2008-02-14,0.04,118470000,-0.460829493087557,2340,0.0470085470085471,0,2340,0,5.28846153846158,-0.694007249760025
"2008-02-15",2008-02-15,0.00427350427350427,1091500,-0.458525345622119,2350,0.051063829787234,0,2350,0,1.08626692456479,-0.65843943257576
"2008-02-18",2008-02-18,0.0340425531914894,103700000,-0.440092165898617,2430,0.0823045267489712,0,2430,0,1.61179698216735,-0.380617159675347
"2008-02-19",2008-02-19,0.0164609053497942,163450000,-0.430875576036866,2470,0.097165991902834,0,2470,0,1.18056680161943,-0.245950400850648
"2008-02-20",2008-02-20,-0.0242914979757085,92190000,-0.444700460829493,2410,0.0746887966804979,2230,2470,1584,-1.03208556149733,-0.448985216205949
"2008-02-21",2008-02-21,0.00829875518672199,199850000,-0.440092165898617,2430,0.0823045267489712,2230,2470,0,1.10196616369456,-0.380617159675348
"2008-02-22",2008-02-22,0,103390000,-0.440092165898617,2430,0.0823045267489712,2230,2470,0,-1,-0.380617159675348
"2008-02-25",2008-02-25,0.0205761316872428,141750000,-0.428571428571428,2480,0.0282258064516129,2410,2480,1584,-0.973821989528796,-0.618640771839744
"2008-02-26",2008-02-26,-0.0161290322580645,73750000,-0.437788018433179,2440,0.0122950819672131,2410,2480,1588,-1.02150537634409,-0.759287818037867
"2008-02-27",2008-02-27,0.0286885245901639,81770000,-0.421658986175115,2510,0.0278884462151394,2440,2510,1588,2.26826029216468,-0.581866829638118
"2008-02-28",2008-02-28,0.00796812749003984,85530000,-0.417050691244239,2530,0.0355731225296443,0,2530,0,1.2755505364201,-0.513113161915907
"2008-02-29",2008-02-29,-0.0395256916996047,98500000,-0.440092165898617,2430,0,0,2530,1591,-1.05524861878453,-0.840940215117213
"2008-03-03",2008-03-03,-0.065843621399177,166580000,-0.476958525345622,2270,0,2270,2430,1592,-1.08376963350785,-1.04713100308472
"2008-03-04",2008-03-04,0.052863436123348,167650000,-0.449308755760368,2390,0.0502092050209205,2270,2390,1592,-0.942028985507246,-0.611671587910664
"2008-03-05",2008-03-05,0,83190000,-0.449308755760368,2390,0.0502092050209205,0,2390,0,-1,-0.611671587910664
"2008-03-06",2008-03-06,0,93850000,-0.449308755760368,2390,0.0502092050209205,0,2390,0,-1,-0.611671587910664
"2008-03-07",2008-03-07,-0.00836820083682008,134290000,-0.453917050691244,2370,0.0421940928270043,2270,2390,1596,-1.01025641025641,-0.682273358764579
"2008-03-10",2008-03-10,-0.0253164556962025,114130000,-0.467741935483871,2310,0.0173160173160173,2270,2390,0,-1.03045685279188,-0.898736117805077
"2008-03-11",2008-03-11,-0.00865800865800866,104590000,-0.472350230414746,2290,0.00873362445414849,2270,2390,0,-1.00985221674877,-0.972510646958927
"2008-03-12",2008-03-12,0.0218340611353712,118360000,-0.460829493087557,2340,0.0299145299145299,2270,2390,0,3.42521367521367,-0.789612807428721
"2008-03-13",2008-03-13,-0.0555555555555556,178850000,-0.490783410138248,2210,0,2210,2370,1600,-1.065,-1.12445254857254
"2008-03-14",2008-03-14,-0.0135746606334842,507650000,-0.497695852534562,2180,0,2180,2210,1601,-1.01408450704225,-1.16311332131645
"2008-03-17",2008-03-17,-0.0412844036697248,112900000,-0.518433179723502,2090,0,2090,2180,1602,-1.04166666666667,-1.27909563954817
"2008-03-18",2008-03-18,0,110720000,-0.518433179723502,2090,0,2090,2090,1602,-1,-1.27909563954817
"2008-03-19",2008-03-19,0.0191387559808612,1041700,-0.509216589861751,2130,0.0187793427230047,0,2130,0,-0.982222222222222,-1.12251648483575
"2008-03-21",2008-03-21,0.028169014084507,106720000,-0.495391705069124,2190,0.045662100456621,0,2190,0,2.43150684931506,-0.894841688227442
"2008-03-24",2008-03-24,0.0045662100456621,57170000,-0.493087557603686,2200,0.05,0,2200,0,1.095,-0.857693216639574
"2008-03-25",2008-03-25,0.0272727272727273,100860000,-0.479262672811059,2260,0.0752212389380531,0,2260,0,1.50442477876106,-0.639311170246331
"2008-03-26",2008-03-26,-0.00442477876106195,540200,-0.481566820276497,2250,0.0711111111111111,2090,2260,1608,-1.00480769230769,-0.675185731678889
"2008-03-27",2008-03-27,0.0133333333333333,87720000,-0.474654377880184,2280,0.0131578947368421,2250,2280,1608,-0.985645933014354,-0.960652958789139
"2008-03-28",2008-03-28,0.0131578947368421,106160000,-0.467741935483871,2310,0.025974025974026,0,2310,0,1.97402597402597,-0.850312523661192
"2008-03-31",2008-03-31,-0.0173160173160173,107050000,-0.476958525345622,2270,0.00881057268722463,2250,2310,1611,-1.01970443349754,-0.997854129748876
"2008-04-01",2008-04-01,0.0308370044052863,116410000,-0.460829493087557,2340,0.0299145299145299,2270,2340,1611,3.39529914529916,-0.789612807428721
"2008-04-02",2008-04-02,0.0170940170940171,83590000,-0.451612903225806,2380,0.0462184873949579,0,2380,0,1.54501800720288,-0.646878297030147
"2008-04-03",2008-04-03,0.0168067226890756,65810000,-0.442396313364055,2420,0.0619834710743802,0,2420,0,1.34109691960932,-0.507158226744191
"2008-04-04",2008-04-04,0.0330578512396694,66060000,-0.423963133640553,2500,0.092,0,2500,0,1.48426666666667,-0.236182634008511
"2008-04-07",2008-04-07,-0.012,81550000,-0.430875576036866,2470,0.0809716599190283,2270,2500,1616,-1.01630434782609,-0.336524087063097
"2008-04-08",2008-04-08,-0.0323886639676113,83060000,-0.449308755760368,2390,0.0502092050209205,2270,2500,0,-1.0427807486631,-0.611671587910664
"2008-04-09",2008-04-09,0.0334728033472803,1.52e+08,-0.430875576036866,2470,0.0809716599190283,2270,2500,0,1.61268556005398,-0.336524087063096
"2008-04-10",2008-04-10,-0.0202429149797571,116480000,-0.442396313364055,2420,0.0619834710743802,2270,2500,0,-1.02673796791444,-0.507158226744191
"2008-04-11",2008-04-11,0.0454545454545455,205260000,-0.417050691244239,2530,0.0553359683794467,2390,2530,1616,-0.942708333333333,-0.402581044848345
"2008-04-14",2008-04-14,-0.0553359683794466,100530000,-0.449308755760368,2390,0,0,2530,1621,-1.07734806629834,-0.892487912109092
"2008-04-15",2008-04-15,0,59530000,-0.449308755760368,2390,0,2390,2390,1621,-1,-0.892487912109092
"2008-04-16",2008-04-16,0.0502092050209205,86510000,-0.421658986175115,2510,0.047808764940239,0,2510,0,-0.938461538461538,-0.470453978570018
"2008-04-17",2008-04-17,0.00398406374501992,70010000,-0.419354838709677,2520,0.0515873015873016,0,2520,0,1.07903439153439,-0.436433981778178
"2008-04-18",2008-04-18,-0.0119047619047619,43060000,-0.42626728110599,2490,0.0401606425702812,2390,2520,1625,-1.01648351648352,-0.539003202817403
"2008-04-21",2008-04-21,-0.00401606425702811,81790000,-0.428571428571428,2480,0.0362903225806451,2390,2520,0,-1.00540540540541,-0.573536536971852
"2008-04-22",2008-04-22,-0.00806451612903226,69450000,-0.433179723502304,2460,0.0284552845528455,2390,2520,0,-1.01075268817204,-0.643131166497978
"2008-04-23",2008-04-23,-0.0040650406504065,85970000,-0.435483870967742,2450,0.0244897959183673,2390,2520,0,-1.00531914893617,-0.678196771757146
"2008-04-24",2008-04-24,-0.0122448979591837,446500,-0.442396313364055,2420,0.012396694214876,2390,2520,0,-1.01587301587302,-0.784493356840986
"2008-04-25",2008-04-25,0.0495867768595041,66140000,-0.414746543778801,2540,0.047244094488189,2420,2540,1625,3.81102362204726,-0.434951365383945
"2008-04-28",2008-04-28,-0.015748031496063,74740000,-0.423963133640552,2500,0.032,2420,2540,1631,-1.02222222222222,-0.571758141425631
"2008-04-30",2008-04-30,-0.044,147990000,-0.449308755760368,2390,0,2390,2500,1632,-1.05978260869565,-0.892487912109092
"2008-05-01",2008-05-01,-0.00836820083682008,74240000,-0.453917050691244,2370,0,2370,2390,1633,-1.01025641025641,-0.91826176060503
"2008-05-02",2008-05-02,0.0126582278481013,78090000,-0.44700460829493,2400,0.0125,2370,2400,1633,-0.984771573604061,-0.809689423815889
"2008-05-07",2008-05-07,-0.00416666666666667,62380000,-0.449308755760368,2390,0.00836820083682011,2370,2400,1635,-1.00515463917526,-0.845685191409354
"2008-05-08",2008-05-08,0.0125523012552301,71040000,-0.442396313364055,2420,0.012396694214876,2390,2420,1635,1.48140495867768,-0.784493356840985
"2008-05-09",2008-05-09,-0.012396694214876,121430000,-0.449308755760368,2390,0,0,2420,1637,-1.015625,-0.892487912109091
"2008-05-12",2008-05-12,0,73180000,-0.449308755760368,2390,0,2390,2390,1637,-1,-0.892487912109091
"2008-05-13",2008-05-13,0.0711297071129707,389760000,-0.410138248847926,2560,0.06640625,0,2560,0,-0.912820512820513,-0.30200501590331
"2008-05-14",2008-05-14,-0.01171875,154470000,-0.417050691244239,2530,0.0553359683794467,2390,2560,1640,-1.01685393258427,-0.402581044848345
"2008-05-15",2008-05-15,0.0316205533596838,108090000,-0.398617511520737,2610,0.0306513409961686,2530,2610,1640,-0.955801104972376,-0.437544923523692
"2008-05-16",2008-05-16,-0.00766283524904215,117360000,-0.403225806451612,2590,0.0231660231660231,2530,2610,1642,-1.01156069364162,-0.505183594170122
"2008-05-19",2008-05-19,0.00386100386100386,87630000,-0.400921658986174,2600,0.0269230769230769,2530,2610,0,1.16217948717949,-0.47128374957354
"2008-05-20",2008-05-20,-0.0192307692307692,89220000,-0.412442396313364,2550,0.00784313725490193,2530,2610,0,-1.02873563218391,-0.642431044740652
"2008-05-21",2008-05-21,-0.0117647058823529,85700000,-0.419354838709677,2520,0,2520,2600,1645,-1.01675977653631,-0.724957896885491
"2008-05-22",2008-05-22,0,71010000,-0.419354838709677,2520,0,2520,2520,1645,-1,-0.724957896885491
"2008-05-23",2008-05-23,-0.00396825396825397,72180000,-0.421658986175115,2510,0,0,2520,1647,-1.00549450549451,-0.737844821133459
"2008-05-26",2008-05-26,0,64360000,-0.421658986175115,2510,0,2510,2510,1647,-1,-0.737844821133459
"2008-05-27",2008-05-27,0.0119521912350598,66510000,-0.414746543778801,2540,0.0118110236220472,0,2540,0,-0.983606557377049,-0.63312587763815
"2008-05-28",2008-05-28,-0.0078740157480315,98670000,-0.419354838709677,2520,0.00396825396825395,2510,2540,1650,-1.01111111111111,-0.702763749569543
"2008-05-29",2008-05-29,0.0238095238095238,127210000,-0.40552995391705,2580,0.0232558139534884,2520,2580,1650,5.8604651162791,-0.517568325267008
"2008-05-30",2008-05-30,0,89710000,-0.40552995391705,2580,0.0232558139534884,0,2580,0,-1,-0.517568325267008
"2008-06-02",2008-06-02,0.0271317829457364,137210000,-0.389400921658986,2650,0.0490566037735849,0,2650,0,2.10943396226415,-0.283057969937199
"2008-06-03",2008-06-03,-0.0377358490566038,125550000,-0.412442396313364,2550,0.0117647058823529,2520,2650,1654,-1.05917159763314,-0.620498005040186
"2008-06-04",2008-06-04,0.00392156862745098,150620000,-0.410138248847926,2560,0.015625,2520,2650,0,1.328125,-0.586020744837071
"2008-06-05",2008-06-05,0,89560000,-0.410138248847926,2560,0.015625,2520,2650,0,-1,-0.586020744837071
"2008-06-06",2008-06-06,0.0078125,47940000,-0.40552995391705,2580,0.0232558139534884,2520,2650,0,1.48837209302326,-0.517568325267007
"2008-06-09",2008-06-09,-0.0232558139534884,82330000,-0.419354838709677,2520,0,2520,2580,1658,-1.03409090909091,-0.724957896885491
"2008-06-10",2008-06-10,-0.0436507936507936,203630000,-0.444700460829493,2410,0,2410,2520,1659,-1.06043956043956,-0.866714063613153
"2008-06-11",2008-06-11,-0.012448132780083,241570000,-0.451612903225806,2380,0,2380,2410,1660,-1.01554404145078,-0.905374836357061
"2008-06-12",2008-06-12,-0.0210084033613445,148920000,-0.463133640552995,2330,0,2330,2380,1661,-1.02551020408163,-0.969809457596907
"2008-06-13",2008-06-13,-0.0171673819742489,148630000,-0.472350230414746,2290,0,2290,2330,1662,-1.01990049751244,-1.02135715458878
"2008-06-16",2008-06-16,0.0174672489082969,106710000,-0.463133640552995,2330,0.0171673819742489,2290,2330,1662,-0.980487804878049,-0.873793575646372
"2008-06-17",2008-06-17,-0.00429184549356223,113070000,-0.465437788018433,2320,0.0129310344827587,2290,2330,1664,-1.00497512437811,-0.910374074211876
"2008-06-18",2008-06-18,-0.0129310344827586,83910000,-0.472350230414746,2290,0,2290,2320,1665,-1.01485148514851,-1.02135715458878
"2008-06-19",2008-06-19,-0.0262008733624454,97020000,-0.486175115207373,2230,0,2230,2290,1666,-1.02926829268293,-1.0986787000766
"2008-06-20",2008-06-20,0,78130000,-0.486175115207373,2230,0,2230,2230,1666,-1,-1.0986787000766
"2008-06-23",2008-06-23,-0.00896860986547085,75710000,-0.490783410138248,2210,0,0,2230,1668,-1.00947867298578,-1.12445254857254
"2008-06-24",2008-06-24,0.0316742081447964,160980000,-0.474654377880184,2280,0.0307017543859649,2210,2280,1668,-0.967136150234742,-0.862531465392321
"2008-06-25",2008-06-25,0.0175438596491228,185430000,-0.465437788018433,2320,0.0474137931034483,0,2320,0,1.54433497536946,-0.717514587190543
"2008-06-26",2008-06-26,-0.00862068965517241,109590000,-0.470046082949308,2300,0.0391304347826087,2210,2320,1671,-1.00990099009901,-0.789616638547041
"2008-06-27",2008-06-27,0,81240000,-0.470046082949308,2300,0.0391304347826087,2210,2320,0,-1,-0.789616638547041
"2008-06-30",2008-06-30,-0.0217391304347826,85410000,-0.481566820276497,2250,0.0177777777777778,2210,2320,0,-1.02450980392157,-0.973475071605219
"2008-07-01",2008-07-01,0.0222222222222222,92300000,-0.470046082949308,2300,0.0391304347826087,2210,2320,0,2.20108695652174,-0.789616638547041
"2008-07-02",2008-07-02,-0.0130434782608696,136720000,-0.476958525345622,2270,0.026431718061674,2210,2320,0,-1.01470588235294,-0.899300383077181
"2008-07-03",2008-07-03,0.026431718061674,106940000,-0.463133640552995,2330,0.0343347639484979,2250,2330,1671,1.29899856938484,-0.777777693695837
"2008-07-04",2008-07-04,-0.0171673819742489,128010000,-0.472350230414746,2290,0.017467248908297,2250,2330,1677,-1.01990049751244,-0.92366413932907
"2008-07-07",2008-07-07,0.00873362445414847,55850000,-0.467741935483871,2310,0.025974025974026,2250,2330,0,1.48701298701298,-0.850312523661192
"2008-07-08",2008-07-08,-0.00865800865800866,485200,-0.472350230414746,2290,0.017467248908297,2250,2330,0,-1.00985221674877,-0.92366413932907
"2008-07-09",2008-07-09,0.00436681222707424,75750000,-0.470046082949308,2300,0.0217391304347826,2250,2330,0,1.2445652173913,-0.886884901566497
"2008-07-10",2008-07-10,-0.00434782608695652,90140000,-0.472350230414746,2290,0.017467248908297,2250,2330,0,-1.00490196078431,-0.92366413932907
"2008-07-11",2008-07-11,-0.0262008733624454,228630000,-0.486175115207373,2230,0,2230,2310,1682,-1.02926829268293,-1.0986787000766
"2008-07-14",2008-07-14,0,112340000,-0.486175115207373,2230,0,2230,2230,1682,-1,-1.0986787000766
"2008-07-15",2008-07-15,-0.0358744394618834,129070000,-0.504608294930875,2150,0,0,2230,1684,-1.03791469194313,-1.20177409406036
"2008-07-16",2008-07-16,0.0232558139534884,123840000,-0.493087557603686,2200,0.0227272727272727,2150,2200,1684,-0.977168949771689,-1.01022753819281
"2008-07-17",2008-07-17,0.00909090909090909,68360000,-0.488479262672811,2220,0.0315315315315315,0,2220,0,1.38738738738739,-0.935212129435693
"2008-07-18",2008-07-18,0,101150000,-0.488479262672811,2220,0.0315315315315315,0,2220,0,-1,-0.935212129435693
"2008-07-22",2008-07-22,0.0157657657657658,1872200,-0.480414746543778,2255,0.0465631929046563,0,2255,0,1.47671840354767,-0.806036938024323
"2008-07-23",2008-07-23,-0.0137472283813747,181590000,-0.487557603686636,2224,0.033273381294964,2150,2255,1689,-1.01486810551559,-0.920315324433034
"2008-07-24",2008-07-24,0.0373201438848921,127780000,-0.468433179723502,2307,0.0359774599046381,2224,2307,1689,1.08126852470155,-0.798230143982604
"2008-07-25",2008-07-25,0.0143042912873862,128400000,-0.460829493087557,2340,0.0495726495726496,0,2340,0,1.37788075378437,-0.679666416109722
"2008-07-28",2008-07-28,-0.00384615384615385,138840000,-0.462903225806451,2331,0.0459030459030459,2224,2340,1692,-1.0045,-0.711788466490343
"2008-07-29",2008-07-29,0.00557700557700558,107070000,-0.459907834101382,2344,0.00554607508532423,2331,2344,1692,-0.993529118964659,-0.920748980967566
"2008-07-30",2008-07-30,0.0119453924914676,132710000,-0.453456221198156,2372,0.0172849915682968,0,2372,0,3.11661694123751,-0.819010712151573
"2008-07-31",2008-07-31,0.00716694772344013,173640000,-0.449539170506912,2389,0.0242779405609042,0,2389,0,1.40456768318207,-0.757991900821087
"2008-08-01",2008-08-01,-0.0510673922143156,336610000,-0.477649769585253,2267,0,0,2389,1696,-1.06253203485392,-1.05099708035911
"2008-08-04",2008-08-04,-0.00485222761358624,218860000,-0.480184331797235,2256,0,2256,2267,1697,-1.00530631934395,-1.06517269703188
"2008-08-05",2008-08-05,-0.0146276595744681,271710000,-0.487788018433179,2223,0,2223,2256,1698,-1.0158349328215,-1.10769954705018
"2008-08-06",2008-08-06,0.0229419703103914,173070000,-0.476036866359447,2274,0.0224274406332454,2223,2274,1698,-0.975909305621162,-0.916541237209391
"2008-08-07",2008-08-07,-0.0136323658751099,124970000,-0.483179723502304,2243,0.00891662951404371,2223,2274,1700,-1.01500484027106,-1.03205565732715
"2008-08-08",2008-08-08,-0.0401248328131966,377630000,-0.503917050691244,2153,0,2153,2243,1701,-1.04291845493562,-1.19790801678596
"2008-08-11",2008-08-11,-0.011611704598235,295200000,-0.509677419354838,2128,0,2128,2153,1702,-1.01143118427069,-1.23012532740589
"2008-08-12",2008-08-12,0.0361842105263158,265540000,-0.491935483870967,2205,0.0349206349206349,2128,2205,1702,-0.965189873417722,-0.93558751431619
"2008-08-13",2008-08-13,-0.0462585034013605,304670000,-0.515437788018433,2103,0,0,2205,1704,-1.04777517564403,-1.26234263802581
"2008-08-14",2008-08-14,-0.00760817879220162,217730000,-0.519124423963133,2087,0,2087,2103,1705,-1.00715243629861,-1.28296171682256
"2008-08-15",2008-08-15,0.00670819357930043,154840000,-0.51589861751152,2101,0.00666349357448837,2087,2101,1705,-0.993786063027075,-1.22765160225158
"2008-08-18",2008-08-18,0.0233222275107092,181260000,-0.504608294930875,2150,0.0293023255813953,0,2150,0,4.3974418604651,-1.03788838113572
"2008-08-19",2008-08-19,-0.0237209302325581,174170000,-0.516359447004608,2099,0.00571700809909481,2087,2150,1708,-1.02328767123288,-1.23552260949564
"2008-08-20",2008-08-20,0.00952834683182468,134070000,-0.511751152073732,2119,0.0151014629542237,2087,2150,0,2.64149756174295,-1.15726220766899
"2008-08-21",2008-08-21,0.00047192071731949,111760000,-0.511520737327189,2120,0.0155660377358491,2087,2150,0,1.03076356132076,-1.15337518327624
"2008-08-22",2008-08-22,0.00471698113207547,117080000,-0.509216589861751,2130,0.0201877934272301,2087,2150,0,1.29691278987054,-1.11463912550672
"2008-08-25",2008-08-25,0.00657276995305164,130270000,-0.505990783410138,2144,0.0265858208955224,2087,2150,0,1.31692554668518,-1.06081374299054
"2008-08-26",2008-08-26,-0.00559701492537313,91090000,-0.508755760368663,2132,0.0211069418386491,2087,2150,0,-1.00546448087432,-1.10692101241456
"2008-08-27",2008-08-27,-0.00562851782363977,79230000,-0.511520737327189,2120,0.0155660377358491,2087,2150,0,-1.0054347826087,-1.15337518327624
"2008-08-28",2008-08-28,0.0113207547169811,84070000,-0.505990783410138,2144,0.0265858208955224,2087,2150,0,1.70793758480326,-1.06081374299054
"2008-08-29",2008-08-29,0.029384328358209,170020000,-0.49147465437788,2207,0.0489352061622111,2099,2207,1708,1.84065056161019,-0.854627681872841
"2008-09-01",2008-09-01,-0.00543724512913457,145110000,-0.494239631336405,2195,0.0437357630979499,2099,2207,1717,-1.0056258790436,-0.899172086713335
"2008-09-02",2008-09-02,-0.00227790432801822,156400000,-0.495391705069124,2190,0.0415525114155251,2099,2207,0,-1.002331002331,-0.917826312023137
"2008-09-03",2008-09-03,0.00365296803652968,112170000,-0.493548387096774,2198,0.0450409463148317,2099,2207,0,1.08395244428002,-0.888006217434321
"2008-09-04",2008-09-04,-0.0282074613284804,159470000,-0.507834101382488,2136,0.0173220973782772,2099,2207,0,-1.02894491129785,-1.12293459438678
"2008-09-05",2008-09-05,-0.0435393258426966,124250000,-0.52926267281106,2043,0,2043,2198,1721,-1.04219600725953,-1.33966418351363
"2008-09-08",2008-09-08,0.0376896720509055,119210000,-0.511520737327189,2120,0.0363207547169812,2043,2120,1721,-0.966478014801916,-1.03729560523887
"2008-09-09",2008-09-09,-0.0113207547169811,82150000,-0.517050691244239,2096,0.0252862595419847,2043,2120,1723,-1.01081081081081,-1.12993932872468
"2008-09-10",2008-09-10,-0.00763358778625954,113920000,-0.52073732718894,2080,0.0177884615384616,2043,2120,0,-1.00713012477718,-1.19249303034716
"2008-09-11",2008-09-11,0.00673076923076923,157780000,-0.517511520737327,2094,0.0243553008595988,2043,2120,0,1.3691628591342,-1.13772349577804
"2008-09-12",2008-09-12,0.00859598853868195,305770000,-0.513364055299539,2112,0.0326704545454546,2043,2120,0,1.34141042780749,-1.06802100017533
"2008-09-16",2008-09-16,-0.0326704545454545,237220000,-0.52926267281106,2043,0,2043,2112,1727,-1.03096947935368,-1.33966418351363
"2008-09-17",2008-09-17,0.0137053352912384,156990000,-0.522811059907834,2071,0.0135200386286818,2043,2071,1727,-0.987810187200696,-1.22796423190066
"2008-09-18",2008-09-18,0.00144857556735876,192190000,-0.522119815668203,2074,0.0149469623915139,0,2074,0,1.10554139688662,-1.21611747686364
"2008-09-19",2008-09-19,0.0327868852459016,168580000,-0.506451612903226,2142,0.0462184873949579,0,2142,0,3.09216589861752,-0.953587094131819
"2008-09-22",2008-09-22,0.0494864612511671,150040000,-0.482027649769585,2248,0.0911921708185054,0,2248,0,1.97306696861857,-0.565451253182113
"2008-09-24",2008-09-24,0.00845195729537367,198830000,-0.477649769585253,2267,0.0988089986766651,0,2267,0,1.08352501963484,-0.498365749220791
"2008-09-25",2008-09-25,0.00749889722099691,129620000,-0.473732718894009,2284,0.105516637478109,0,2284,0,1.06788489804854,-0.438942656426491
"2008-09-26",2008-09-26,0.0131348511383538,181110000,-0.466820276497696,2314,0.117113223854797,0,2314,0,1.10990291819235,-0.335423044388188
"2008-09-29",2008-09-29,-0.0613656006914434,221540000,-0.499539170506912,2172,0.0593922651933702,2043,2314,1735,-1.07008884501481,-0.841246368566201
"2008-09-30",2008-09-30,-0.033609576427256,176050000,-0.516359447004608,2099,0.0266793711291091,2043,2314,0,-1.03367158671587,-1.11828168265466
"2008-10-01",2008-10-01,0.0271557884707003,119770000,-0.503225806451613,2156,0.0524118738404453,2043,2314,0,1.96450934269812,-0.900906253533416
"2008-10-02",2008-10-02,0.00649350649350649,141730000,-0.5,2170,0.0585253456221199,2043,2314,0,1.11664287753354,-0.848672369665997
"2008-10-03",2008-10-03,-0.0304147465437788,157060000,-0.515207373271889,2104,0.0289923954372624,2043,2314,0,-1.03041474654378,-1.09890164876606
"2008-10-06",2008-10-06,-0.030893536121673,108660000,-0.530184331797235,2039,0,2039,2172,1740,-1.02906976744186,-1.34481895321282
"2008-10-07",2008-10-07,-0.0465914664051005,180420000,-0.552073732718894,1944,0,1944,2039,1741,-1.0412863972186,-1.46724473356852
"2008-10-08",2008-10-08,-0.10082304526749,220300000,-0.597235023041475,1748,0,1748,1944,1742,-1.08180300500835,-1.71982844882872
"2008-10-09",2008-10-09,0.0417620137299771,200930000,-0.580414746543779,1821,0.0400878638110929,1748,1821,1742,-0.971836419753087,-1.40154548115728
"2008-10-10",2008-10-10,-0.14881933003844,326750000,-0.642857142857143,1550,0,0,1821,1744,-1.10758237395792,-1.97498954893852
"2008-10-14",2008-10-14,0.169032258064516,147190000,-0.582488479262673,1812,0.144591611479029,1550,1812,1744,-0.906093189964158,-0.828662077136149
"2008-10-15",2008-10-15,-0.0204194260485651,157600000,-0.591013824884793,1775,0.126760563380282,1550,1812,1746,-1.01463607594937,-0.976071413745571
"2008-10-16",2008-10-16,-0.0873239436619718,236100000,-0.626728110599078,1620,0.0432098765432098,1550,1812,0,-1.06042884990253,-1.64311147509575
"2008-10-17",2008-10-17,0.00925925925925926,218920000,-0.623271889400922,1635,0.0519877675840978,1550,1812,0,1.20314547837484,-1.57468700138883
"2008-10-20",2008-10-20,0.0324159021406728,157530000,-0.611059907834101,1688,0.0817535545023697,1550,1812,0,1.57255366601617,-1.33990848539511
"2008-10-21",2008-10-21,0.0260663507109005,140120000,-0.600921658986175,1732,0.105080831408776,1550,1812,0,1.28533654650735,-1.15273830562859
"2008-10-22",2008-10-22,-0.0704387990762125,143240000,-0.629032258064516,1610,0.0372670807453416,1550,1812,0,-1.04677914110429,-1.68923601126615
"2008-10-23",2008-10-23,-0.0248447204968944,289370000,-0.638248847926267,1570,0.0127388535031847,1550,1812,0,-1.01465201465201,-1.87796824663852
"2008-10-24",2008-10-24,-0.10828025477707,191280000,-0.67741935483871,1400,0,1400,1775,1753,-1.06137184115523,-2.16829341265806
"2008-10-27",2008-10-27,-0.0192857142857143,275260000,-0.683640552995392,1373,0,1373,1400,1754,-1.00918367346939,-2.20308810812757
"2008-10-28",2008-10-28,0.0757465404224326,200260000,-0.659677419354839,1477,0.070412999322952,1373,1477,1754,-0.9649477586788,-1.67524946300601
"2008-10-29",2008-10-29,0.1354096140826,237970000,-0.613594470046083,1677,0.181276088252832,0,1677,0,2.57446906105224,-0.797462022688722
"2008-10-30",2008-10-30,0.0554561717352415,156560000,-0.592165898617512,1770,0.224293785310735,0,1770,0,1.2373048617306,-0.43701886854725
"2008-10-31",2008-10-31,-0.106779661016949,151120000,-0.635714285714286,1581,0.131562302340291,1373,1770,1758,-1.07354085603113,-1.19922197768968
"2008-11-04",2008-11-04,0.110689437065149,150920000,-0.595391705069124,1756,0.218109339407745,1373,1770,0,1.65784070001752,-0.489649705360898
"2008-11-05",2008-11-05,-0.00911161731207289,150630000,-0.599078341013825,1740,0.210919540229885,1373,1770,0,-1.0061919504644,-0.550480792613275
"2008-11-06",2008-11-06,-0.0706896551724138,171270000,-0.62741935483871,1617,0.150896722325294,1373,1770,0,-1.04730769230769,-1.04469308711227
"2008-11-07",2008-11-07,-0.0494743351886209,193630000,-0.645852534562212,1537,0.106701366297983,1373,1770,0,-1.0293793609989,-1.39496979816845
"2008-11-10",2008-11-10,0.0715679895901106,124320000,-0.620506912442396,1647,0.166363084395871,1373,1770,0,1.5591467116857,-0.91953010937285
"2008-11-11",2008-11-11,-0.0570734669095325,1.21e+08,-0.642165898617511,1553,0.115904700579524,1373,1770,0,-1.03490531006313,-1.32287715984741
"2008-11-12",2008-11-12,0.0669671603348358,162420000,-0.618202764976959,1657,0.171394085697043,1373,1770,0,1.47875008381949,-0.878505171550601
"2008-11-13",2008-11-13,-0.0748340374170187,190070000,-0.646774193548387,1533,0.104370515329419,1373,1770,0,-1.04621692135669,-1.41316084280912
"2008-11-14",2008-11-14,0.11545988258317,268470000,-0.605990783410138,1710,0.197076023391813,1373,1770,0,1.88823464912281,-0.666567318480074
"2008-11-17",2008-11-17,-0.0198830409356725,134060000,-0.613824884792627,1676,0.180787589498807,1373,1770,0,-1.01292775665399,-0.801482852067766
"2008-11-18",2008-11-18,0.0107398568019093,106010000,-0.609677419354839,1694,0.189492325855962,1373,1770,0,1.04814897074123,-0.729601449755009
"2008-11-19",2008-11-19,-0.0147579693034238,116740000,-0.615437788018433,1669,0.177351707609347,1373,1770,0,-1.00944822373394,-0.829720329182691
"2008-11-20",2008-11-20,-0.07309766327142,113720000,-0.643548387096774,1547,0.112475759534583,1373,1770,0,-1.0456757768626,-1.34978712491384
"2008-11-21",2008-11-21,0.0096961861667744,181010000,-0.640092165898617,1562,0.120998719590269,1373,1770,0,1.07577597244911,-1.28278846111885
"2008-11-25",2008-11-25,0.0678617157490397,123290000,-0.615668202764977,1668,0.176858513189448,1373,1770,0,1.46165607196782,-0.833767421069366
"2008-11-26",2008-11-26,-0.00779376498800959,84800000,-0.618663594470046,1655,0.170392749244713,1373,1770,0,-1.00486526946108,-0.886682956201625
"2008-11-27",2008-11-27,0.00785498489425982,42590000,-0.615668202764977,1668,0.176858513189448,1373,1770,0,1.03794623875368,-0.833767421069366
"2008-11-28",2008-11-28,0.0161870503597122,58590000,-0.609447004608295,1695,0.189970501474926,1373,1770,0,1.07413829308535,-0.725638356897407
"2008-12-01",2008-12-01,-0.0289085545722714,75300000,-0.62073732718894,1646,0.165856622114216,1373,1770,0,-1.01852551984877,-0.923651407416881
"2008-12-02",2008-12-02,-0.0735115431348724,103640000,-0.648617511520737,1525,0.099672131147541,1373,1770,0,-1.0449146250928,-1.44974809313874
"2008-12-03",2008-12-03,0.0137704918032787,7.4e+07,-0.643778801843318,1546,0.111901681759379,1373,1770,0,1.12269779396745,-1.35428659135049
"2008-12-04",2008-12-04,-0.0485122897800776,186310000,-0.661059907834101,1471,0.0666213460231135,1373,1770,0,-1.02684323550465,-1.70418805055551
"2008-12-05",2008-12-05,0.026512576478586,115550000,-0.652073732718894,1510,0.090728476821192,1373,1770,0,1.36185295310177,-1.51909966848949
"2008-12-08",2008-12-08,0.0529801324503311,94460000,-0.633640552995392,1590,0.136477987421384,1373,1770,0,1.50424643070284,-1.16013068727667
"2008-12-09",2008-12-09,0.0345911949685535,101120000,-0.620967741935484,1645,0.165349544072948,1373,1770,0,1.21154735058059,-0.92777614935832
"2008-12-10",2008-12-10,0.033434650455927,113890000,-0.608294930875576,1700,0.192352941176471,1373,1770,0,1.16331098615917,-0.705870087911147
"2008-12-11",2008-12-11,0,173830000,-0.608294930875576,1700,0.192352941176471,1373,1770,0,-1,-0.705870087911147
"2008-12-12",2008-12-12,-0.0247058823529412,301910000,-0.617972350230415,1658,0.17189384800965,1373,1770,0,-1.01590909090909,-0.874421345931784
"2008-12-15",2008-12-15,0.0494571773220748,135800000,-0.599078341013825,1740,0.210919540229885,1373,1770,0,1.22703367614438,-0.550480792613274
"2008-12-16",2008-12-16,-0.00574712643678161,939300,-0.601382488479262,1730,0.20635838150289,1373,1770,0,-1.00384615384615,-0.588877936098265
"2008-12-17",2008-12-17,-0.0115606936416185,1348400,-0.605990783410138,1710,0.197076023391813,1373,1770,0,-1.00766283524904,-0.666567318480074
"2008-12-18",2008-12-18,0.0701754385964912,1750100,-0.578341013824885,1830,0.196174863387978,1471,1830,1758,-0.954372623574144,-0.516964347930289
"2008-12-19",2008-12-19,-0.0131147540983607,1625600,-0.583870967741935,1806,0.185492801771872,1471,1830,1791,-1.00956175298805,-0.607636936910181
"2008-12-22",2008-12-22,0.0182724252491694,1397000,-0.576267281105991,1839,0.0179445350734094,1806,1839,1791,-0.986977111286503,-1.50219499712847
"2008-12-24",2008-12-24,-0.0375203915171289,975600,-0.592165898617511,1770,0,0,1839,1793,-1.02758896441423,-1.69147721548319
"2008-12-25",2008-12-25,0,0,-0.592165898617511,1770,0,1770,1770,1793,-1,-1.69147721548319
"2008-12-26",2008-12-26,0,0,-0.592165898617511,1770,0,0,1770,0,-1,-1.69147721548319
"2008-12-29",2008-12-29,0,0,-0.592165898617511,1770,0,0,1770,0,-1,-1.69147721548319
"2009-01-05",2009-01-05,0.0819209039548023,593100,-0.558755760368663,1915,0.0757180156657964,0,1915,0,-0.943579766536965,-1.08113162175985
"2009-01-06",2009-01-06,-0.0391644908616188,1436500,-0.576036866359447,1840,0.0380434782608695,1770,1915,1798,-1.03092783505155,-1.38849442039235
"2009-01-07",2009-01-07,-0.0179347826086957,1713000,-0.583640552995391,1807,0.0204759269507471,1770,1915,0,-1.0132,-1.52927526949349
"2009-01-08",2009-01-08,-0.0287769784172662,1172100,-0.595622119815668,1755,0,1755,1840,1800,-1.02052901697592,-1.71080760185514
"2009-01-09",2009-01-09,-0.0518518518518519,1849400,-0.616589861751152,1664,0,1664,1755,1801,-1.03520309477756,-1.82807861251166
"2009-01-13",2009-01-13,-0.00961538461538462,2460800,-0.620276497695852,1648,0,1648,1664,1802,-1.00597907324365,-1.84869769130841
"2009-01-14",2009-01-14,-0.024878640776699,1282100,-0.629723502304147,1607,0,1607,1648,1803,-1.01523031203566,-1.90153408072509
"2009-01-15",2009-01-15,-0.04542626011201,2263600,-0.646543778801843,1534,0,1534,1607,1804,-1.0267105744603,-1.99560862773527
"2009-01-16",2009-01-16,0.0104302477183833,1152100,-0.642857142857143,1550,0.0103225806451613,1534,1550,1804,-0.994297933000713,-1.91725612830761
"2009-01-19",2009-01-19,0.00580645161290323,955700,-0.640783410138249,1559,0.0160359204618346,0,1559,0,1.55347979474021,-1.873703614684
"2009-01-20",2009-01-20,-0.0230917254650417,1391300,-0.649078341013825,1523,0,0,1559,1807,-1.01294498381877,-2.00978424440803
"2009-01-21",2009-01-21,-0.0610636900853578,4662700,-0.670506912442396,1430,0,1430,1523,1808,-1.03301384451544,-2.12963263991415
"2009-01-22",2009-01-22,0.041958041958042,1506300,-0.656682027649769,1490,0.040268456375839,1430,1490,1808,-0.979381443298969,-1.82709263307256
"2009-01-23",2009-01-23,-0.0315436241610738,988800,-0.667511520737327,1443,0.00900900900900903,1430,1490,1810,-1.01649122807018,-2.06249292556639
"2009-01-26",2009-01-26,0.0152460152460152,1028000,-0.662442396313364,1465,0.0238907849829352,1430,1490,0,2.6518771331058,-1.95090903349222
"2009-01-27",2009-01-27,0.0191126279863481,1082800,-0.655990783410138,1493,0.0334896182183523,1443,1493,1810,1.40177973399674,-1.86114009003812
"2009-01-28",2009-01-28,0.0462156731413262,922000,-0.640092165898617,1562,0.0761843790012804,0,1562,0,2.27486555697823,-1.5334317124974
"2009-01-29",2009-01-29,-0.0204865556978233,1471300,-0.647465437788018,1530,0.0568627450980392,1443,1562,1814,-1.01151907847372,-1.6827343217777
"2009-01-30",2009-01-30,0.0254901960784314,1113500,-0.638479262672811,1569,0.0248565965583174,1530,1569,1814,-0.986120996441281,-1.81148330948871
"2009-02-02",2009-02-02,-0.0624601657106437,1145200,-0.661059907834101,1471,0,0,1569,1816,-1.03536629375677,-2.07679625049747
"2009-02-03",2009-02-03,-0.0292318150917743,1222800,-0.670967741935484,1428,0,1428,1471,1817,-1.0149878006274,-2.13221002476374
"2009-02-04",2009-02-04,0.0287114845938375,1344900,-0.661520737327189,1469,0.0279101429543908,1428,1469,1817,-0.98592032967033,-1.92327429561367
"2009-02-05",2009-02-05,-0.0068073519400953,1431800,-0.663824884792627,1459,0.0212474297464016,1428,1469,1819,-1.00348310693138,-1.97342527595406
"2009-02-06",2009-02-06,0.0246744345442084,832000,-0.655529953917051,1495,0.0240802675585284,1459,1495,1819,1.13332614089978,-1.91118849889079
"2009-02-09",2009-02-09,-0.0561872909698997,1092400,-0.674884792626728,1411,0,0,1495,1821,-1.02952548330404,-2.15411779598529
"2009-02-10",2009-02-10,0.0276399716513111,1287300,-0.665898617511521,1450,0.026896551724138,1411,1450,1821,-0.98668487538409,-1.95342839154157
"2009-02-12",2009-02-12,-0.0689655172413793,1297300,-0.688940092165899,1350,0,0,1450,1823,-1.03460207612457,-2.2327280338979
"2009-02-13",2009-02-13,-0.00148148148148148,1531700,-0.689400921658986,1348,0,1348,1350,1824,-1.00066889632107,-2.2353054187475
"2009-02-16",2009-02-16,-0.00148367952522255,1132000,-0.689861751152074,1346,0,1346,1348,1825,-1.00066844919786,-2.23788280359709
"2009-02-17",2009-02-17,0.0401188707280832,870200,-0.67741935483871,1400,0.0385714285714286,1346,1400,1825,-0.981963927855711,-1.95256630074705
"2009-02-18",2009-02-18,-0.0107142857142857,1157800,-0.680875576036866,1385,0.0281588447653429,1346,1400,1827,-1.00510204081633,-2.03013348868984
"2009-02-19",2009-02-19,0.0072202166064982,776200,-0.678571428571428,1395,0.0351254480286738,1346,1400,0,1.2474037312747,-1.97828287402411
"2009-02-20",2009-02-20,-0.025089605734767,952600,-0.686635944700461,1360,0.0102941176470588,1346,1400,0,-1.01188455008489,-2.16226688043621
"2009-02-23",2009-02-23,0.0161764705882353,929300,-0.681566820276498,1382,0.0260492040520984,1346,1400,0,2.53049410791814,-2.04579862851115
"2009-02-24",2009-02-24,-0.0296671490593343,793000,-0.691013824884793,1341,0,1341,1395,1831,-1.01386071670047,-2.24432626572107
"2009-02-25",2009-02-25,0.0439970171513796,1037300,-0.67741935483871,1400,0.0421428571428571,1341,1400,1831,-0.980326775591864,-1.9325915681627
"2009-02-26",2009-02-26,0.00857142857142857,866000,-0.674654377880184,1412,0.0502832861189801,0,1412,0,1.19316272146733,-1.87159844932754
"2009-02-27",2009-02-27,0.0226628895184136,744400,-0.667281105990783,1444,0.0713296398891967,0,1444,0,1.41855565526121,-1.71264961097203
"2009-03-02",2009-03-02,-0.0318559556786704,1103600,-0.677880184331797,1398,0.0407725321888412,1341,1444,1835,-1.01588397790055,-1.94283307787513
"2009-03-03",2009-03-03,-0.0150214592274678,907800,-0.682718894009217,1377,0.0261437908496732,1341,1444,0,-1.00713800135962,-2.05171307375862
"2009-03-04",2009-03-04,-0.00435729847494553,1261900,-0.684101382488479,1371,0.0218818380743983,1341,1444,0,-1.00202497468782,-2.08328201105991
"2009-03-05",2009-03-05,-0.0153172866520788,1074900,-0.688940092165899,1350,0.00666666666666671,1341,1444,0,-1.00707308858201,-2.19544186640711
"2009-03-06",2009-03-06,-0.0303703703703704,942300,-0.698387096774194,1309,0,1309,1398,1839,-1.01371237458194,-2.28556442331458
"2009-03-09",2009-03-09,-0.0122230710466005,767500,-0.702073732718894,1293,0,1293,1309,1840,-1.00527878587925,-2.30618350211133
"2009-03-10",2009-03-10,0.000773395204949729,866800,-0.70184331797235,1294,0.000772797527047953,1293,1294,1840,-0.999671808336068,-2.30057261098203
"2009-03-11",2009-03-11,0.0432766615146832,1216700,-0.688940092165899,1350,0.0422222222222223,0,1350,0,54.6355555555529,-1.99658230645622
"2009-03-12",2009-03-12,-0.0237037037037037,1038500,-0.696313364055299,1318,0.0189681335356601,1293,1350,1843,-1.01070234113712,-2.16787884089166
"2009-03-13",2009-03-13,0.0887708649468892,4032700,-0.669354838709677,1435,0.0815331010452962,1318,1435,1843,4.29842508710802,-1.66718064854738
"2009-03-16",2009-03-16,0.0229965156794425,1069900,-0.661751152073733,1468,0.102179836512262,0,1468,0,1.25323132816321,-1.50917815301519
"2009-03-17",2009-03-17,0.00885558583106267,974300,-0.658755760368664,1481,0.110060769750169,0,1481,0,1.07712806662165,-1.44834768198897
"2009-03-18",2009-03-18,0.0155300472653612,1000100,-0.653456221198157,1504,0.123670212765957,0,1504,0,1.12365389635818,-1.34259116045718
"2009-03-19",2009-03-19,0.0319148936170213,1254700,-0.642396313364055,1552,0.150773195876289,0,1552,0,1.21915530428999,-1.12914896890415
"2009-03-23",2009-03-23,0.0193298969072165,1183700,-0.635483870967742,1582,0.166877370417193,0,1582,0,1.10681059353626,-1.00041875377527
"2009-03-24",2009-03-24,0.0353982300884956,1183000,-0.62258064516129,1638,0.195360195360195,0,1638,0,1.17068117068117,-0.768949670771296
"2009-03-25",2009-03-25,0.00488400488400488,1244100,-0.62073732718894,1646,0.199270959902795,0,1646,0,1.02001822600243,-0.73676751811006
"2009-03-26",2009-03-26,-0.00729040097205346,920500,-0.623502304147465,1634,0.193390452876377,1318,1646,1852,-1.00445434298441,-0.78512106269529
"2009-03-27",2009-03-27,-0.0354957160342717,1367500,-0.636866359447005,1576,0.163705583756345,1318,1646,0,-1.02143385070214,-1.02589047362627
"2009-03-30",2009-03-30,-0.0272842639593909,1025800,-0.646774193548387,1533,0.140247879973907,1318,1646,0,-1.01555716353111,-1.21250142871974
"2009-03-31",2009-03-31,-0.0241356816699282,988200,-0.655299539170507,1496,0.118983957219251,1318,1646,0,-1.01318133238333,-1.37911057623843
"2009-04-01",2009-04-01,0.0247326203208556,883500,-0.646774193548387,1533,0.140247879973907,1318,1646,0,1.17871251933127,-1.21250142871974
"2009-04-02",2009-04-02,0.0384866275277234,861900,-0.633179723502304,1592,0.172110552763819,1318,1646,0,1.22718826691598,-0.958263032504382
"2009-04-03",2009-04-03,-0.00376884422110553,769900,-0.634562211981567,1586,0.168978562421185,1318,1646,0,-1.00218340611354,-0.983512174527411
"2009-04-06",2009-04-06,0.0163934426229508,852600,-0.628571428571429,1612,0.182382133995037,1318,1646,0,1.07932113625421,-0.875040999281074
"2009-04-07",2009-04-07,-0.0192307692307692,1056600,-0.635714285714286,1581,0.166350411132195,1318,1646,0,-1.01136363636364,-1.00465469002426
"2009-04-08",2009-04-08,0.0385831752055661,1730800,-0.621658986175115,1642,0.197320341047503,1318,1646,0,1.18617284865438,-0.752831953011613
"2009-04-09",2009-04-09,0.0316686967113276,972900,-0.609677419354839,1694,0.116883116883117,1496,1694,1852,-0.980726464047443,-1.13569931882531
"2009-04-10",2009-04-10,-0.0106257378984652,1373700,-0.613824884792627,1676,0.107398568019093,1496,1694,1863,-1.00680272108844,-1.21194215409945
"2009-04-13",2009-04-13,0.0375894988066826,1057700,-0.599308755760369,1739,0.0362277170787809,1676,1739,1863,-0.976351351351351,-1.52880777163063
"2009-04-14",2009-04-14,0.0276020701552616,1523700,-0.588248847926267,1787,0.0621152770005596,0,1787,0,1.714578836571,-1.32216335096468
"2009-04-15",2009-04-15,-0.0106323447118075,699400,-0.592626728110599,1768,0.0520361990950227,1676,1787,1866,-1.00744222483353,-1.40302003507661
"2009-04-16",2009-04-16,-0.00395927601809955,923100,-0.594239631336406,1761,0.0482680295286769,1676,1787,0,-1.00272161741835,-1.43311597228786
"2009-04-17",2009-04-17,0.00965360590573538,604100,-0.590322580645161,1778,0.0573678290213723,1676,1787,0,1.18852643419572,-1.36031370386372
"2009-04-20",2009-04-20,-0.0213723284589426,1318400,-0.599078341013825,1740,0.0367816091954023,1676,1787,0,-1.01483216237315,-1.52442120207101
"2009-04-21",2009-04-21,-0.00574712643678161,867900,-0.601382488479263,1730,0.03121387283237,1676,1787,0,-1.00384615384615,-1.56844805890547
"2009-04-22",2009-04-22,-0.00578034682080925,647300,-0.603686635944701,1720,0.0255813953488372,1676,1787,0,-1.00383141762452,-1.6128370079793
"2009-04-23",2009-04-23,0.00755813953488372,1026400,-0.600691244239631,1733,0.0328909405654934,1676,1787,0,1.2857367675602,-1.55520226737248
"2009-04-24",2009-04-24,-0.0196191575302943,1275900,-0.60852534562212,1699,0.0135373749264273,1676,1787,0,-1.01304181051017,-1.70726085330991
"2009-04-27",2009-04-27,0.0123602118893467,643600,-0.603686635944701,1720,0.0255813953488372,1676,1787,0,1.88968655207281,-1.6128370079793
"2009-04-28",2009-04-28,0.00174418604651163,1259100,-0.602995391705069,1723,0.0272780034822984,1676,1787,0,1.06632195430803,-1.59948192845034
"2009-04-30",2009-04-30,0.0522344747533372,1080000,-0.582258064516129,1813,0.0628792057363486,1699,1813,1866,2.30512492518571,-1.28438475170091
"2009-05-01",2009-05-01,0.00330943188086045,463100,-0.580875576036866,1819,0.0659703133589885,0,1819,0,1.04915945719163,-1.25936426366966
"2009-05-07",2009-05-07,0.0582737768004398,1147500,-0.556451612903226,1925,0.117402597402597,0,1925,0,1.7796277056277,-0.835105953048592
"2009-05-08",2009-05-08,0.000519480519480519,1438100,-0.556221198156682,1926,0.117860851505711,0,1926,0,1.00390327056856,-0.831254279737488
"2009-05-11",2009-05-11,0.0119418483904465,615100,-0.550921658986175,1949,0.12827090815803,0,1949,0,1.08832497406328,-0.743391686578112
"2009-05-12",2009-05-12,-0.0749102103642894,2396100,-0.584562211981567,1803,0.057681641708264,1699,1949,1881,-1.06106231702217,-1.32634126238317
"2009-05-13",2009-05-13,0.00554631170271769,1076100,-0.582258064516129,1813,0.0628792057363486,1699,1949,0,1.0901077686792,-1.28438475170091
"2009-05-14",2009-05-14,-0.00882515168229454,1203900,-0.58594470046083,1797,0.0545353366722315,1699,1949,0,-1.00633161851998,-1.35167046541455
"2009-05-15",2009-05-15,0.00166944908180301,878000,-0.585253456221198,1800,0.0561111111111111,1699,1949,0,1.02889455782313,-1.33899119969179
"2009-05-18",2009-05-18,-0.0205555555555556,769100,-0.593778801843318,1763,0.0363017583664209,1699,1949,0,-1.01456692913386,-1.49746504605768
"2009-05-19",2009-05-19,0.0306296086216676,904200,-0.581336405529954,1817,0.0649422124380847,1699,1949,0,1.78895500825536,-1.26769173998939
"2009-05-20",2009-05-20,0.0165107319757843,669400,-0.574423963133641,1847,0.0801299404439632,1699,1949,0,1.23386526937865,-1.14408714171072
"2009-05-21",2009-05-21,-0.036816459122902,1406300,-0.590092165898618,1779,0.0449690837549185,1699,1949,0,-1.02727637384677,-1.42837026534102
"2009-05-22",2009-05-22,-0.00562113546936481,911400,-0.592396313364056,1769,0.0395703787450538,1699,1949,0,-1.00390472471691,-1.47145174247367
"2009-05-25",2009-05-25,0.0260033917467496,975400,-0.581797235023042,1815,0.0639118457300275,1699,1949,0,1.61514364423455,-1.27603188868702
"2009-05-26",2009-05-26,-0.0137741046831956,664000,-0.587557603686636,1790,0.0508379888268157,1699,1949,0,-1.00990099009901,-1.38137030204351
"2009-05-27",2009-05-27,0.0357541899441341,908700,-0.572811059907834,1854,0.0836030204962244,1699,1949,0,1.64449897459606,-1.11564161805651
"2009-05-28",2009-05-28,-0.0107874865156419,593700,-0.57741935483871,1834,0.0736095965103599,1699,1949,0,-1.00804505229284,-1.19730793863396
"2009-05-29",2009-05-29,-0.00708833151581243,1298900,-0.580414746543779,1821,0.0669961559582647,1699,1949,0,-1.00518754988029,-1.25104941797369
"2009-06-01",2009-06-01,0.0318506315211422,1012600,-0.56705069124424,1879,0.0957956359765832,1699,1949,0,1.42986764847015,-1.01523192199387
"2009-06-02",2009-06-02,0.0149015433741352,964600,-0.560599078341014,1907,0.10907184058731,1699,1949,0,1.13858882479753,-0.904895715785917
"2009-06-03",2009-06-03,0.0141583639223912,853300,-0.554377880184332,1934,0.121509824198552,1699,1949,0,1.11403478243577,-0.800536309289925
"2009-06-04",2009-06-04,-0.0196483971044467,729400,-0.563133640552996,1896,0.103902953586498,1699,1949,0,-1.01579384871155,-0.94798053042667
"2009-06-05",2009-06-05,-0.0279535864978903,782600,-0.575345622119816,1843,0.0781334780249593,1699,1949,0,-1.02168576104746,-1.16040797623151
"2009-06-08",2009-06-08,0.0135648399348888,681400,-0.569585253456222,1868,0.0904710920770878,1699,1949,0,1.15790432429217,-1.05918731401393
"2009-06-09",2009-06-09,-0.0112419700214133,710300,-0.574423963133641,1847,0.0801299404439632,1699,1949,0,-1.00849514563107,-1.14408714171072
"2009-06-10",2009-06-10,0.0438548998375744,1223500,-0.555760368663595,1928,0.118775933609959,1699,1949,0,1.4822915498486,-0.823558909196877
"2009-06-11",2009-06-11,0.0181535269709544,1209500,-0.547695852534563,1963,0.101884870096791,1763,1963,1881,-0.985489220563847,-0.87292512781642
"2009-06-12",2009-06-12,0.0239429444727458,3856300,-0.536866359447005,2010,0.122885572139304,0,2010,0,1.20612189054726,-0.694901229783764
"2009-06-15",2009-06-15,0.0373134328358209,1144000,-0.519585253456222,2085,0.154436450839329,0,2085,0,1.25675006553462,-0.421787595770379
"2009-06-16",2009-06-16,-0.0522781774580336,1501200,-0.544700460829493,1976,0.107793522267207,1763,2085,1906,-1.04833702882483,-0.823125477123417
"2009-06-17",2009-06-17,0.00202429149797571,685200,-0.543778801843318,1980,0.10959595959596,1763,2085,0,1.0167212026367,-0.807889810404497
"2009-06-18",2009-06-18,-0.00606060606060606,404000,-0.546543778801844,1968,0.104166666666667,1763,2085,0,-1.00508474576271,-0.853719748329789
"2009-06-19",2009-06-19,0.016260162601626,681300,-0.539170506912443,2000,0.1185,1763,2085,0,1.1376,-0.732316330631085
"2009-06-22",2009-06-22,0.0075,616300,-0.535714285714286,2015,0.125062034739454,1763,2085,0,1.05537582058611,-0.67628497530278
"2009-06-23",2009-06-23,-0.0372208436724566,1745800,-0.552995391705069,1940,0.0912371134020619,1763,2085,0,-1.03225806451613,-0.962117159514876
"2009-06-24",2009-06-24,0.0170103092783505,1109200,-0.545391705069125,1973,0.106436898124683,1763,2085,0,1.16659651051913,-0.834579051647834
"2009-06-25",2009-06-25,-0.00709579320831222,1018500,-0.548617511520738,1959,0.100051046452272,1763,2085,0,-1.00591465990706,-0.888336335849324
"2009-06-26",2009-06-26,-0.00510464522715671,628300,-0.550921658986175,1949,0.0954335556695741,1763,2085,0,-1.00419991600168,-0.927048540303919
"2009-06-29",2009-06-29,0.0102616726526424,577900,-0.5463133640553,1969,0.104621635347892,1763,2085,0,1.09627724351098,-0.849886450137305
"2009-06-30",2009-06-30,0.0309801929913662,913100,-0.532258064516129,2030,0.131527093596059,1763,2085,0,1.25716916160505,-0.620795998826047
"2009-07-01",2009-07-01,-0.00738916256157635,822400,-0.535714285714286,2015,0.125062034739454,1763,2085,0,-1.00649350649351,-0.67628497530278
"2009-07-02",2009-07-02,-0.0163771712158809,1237600,-0.543317972350231,1982,0.110494450050454,1763,2085,0,-1.0141935483871,-0.80028723571863
"2009-07-03",2009-07-03,-0.0105953582240161,544300,-0.54815668202765,1961,0.100968893421724,1763,2085,0,-1.0089058524173,-0.880625501624645
"2009-07-06",2009-07-06,-0.00152983171851096,494200,-0.548847926267281,1958,0.0995914198161389,1763,2085,0,-1.00126103404792,-0.892195685634831
"2009-07-07",2009-07-07,-0.00817160367722165,608400,-0.552534562211982,1942,0.092173017507724,1763,2085,0,-1.00671704450042,-0.954305333079427
"2009-07-08",2009-07-08,-0.0350154479917611,862200,-0.568202764976959,1874,0.0592315901814301,1763,2085,0,-1.02835696413678,-1.22617535446671
"2009-07-09",2009-07-09,-0.0112059765208111,572100,-0.573041474654378,1853,0.0485698866702644,1763,2085,0,-1.00851581508516,-1.31286800481561
"2009-07-10",2009-07-10,-0.00863464651915812,1698600,-0.576728110599079,1837,0.04028307022319,1763,2085,0,-1.0064334539606,-1.37983462751402
"2009-07-13",2009-07-13,-0.0234077299945563,566000,-0.586635944700461,1794,0.0172798216276477,1763,2085,0,-1.01717938473831,-1.56390384877515
"2009-07-14",2009-07-14,0.0144927536231884,1096800,-0.580645161290323,1820,0.0313186813186813,1763,2085,0,1.81244239631336,-1.45187955465749
"2009-07-15",2009-07-15,0.0126373626373626,857300,-0.575345622119816,1843,0.0434074877916441,1763,2085,0,1.38599346983846,-1.35462783944996
"2009-07-16",2009-07-16,-0.0173629951166576,988300,-0.582718894009217,1811,0.0265046935394809,1763,2085,0,-1.01281537845414,-1.49040205967574
"2009-07-17",2009-07-17,0.00552181115405853,717000,-0.580414746543779,1821,0.0318506315211422,1763,2085,0,1.20169778509976,-1.44761570458083
"2009-07-21",2009-07-21,0.0411861614497529,975200,-0.563133640552996,1896,0.0701476793248945,1763,2085,0,2.20239524225229,-1.13677125189903
"2009-07-22",2009-07-22,-0.00263713080168776,937700,-0.564285714285715,1891,0.0676890534108937,1763,2085,0,-1.00204582651391,-1.15696562466701
"2009-07-23",2009-07-23,-0.00951877313590693,708800,-0.568433179723503,1873,0.0587293112653497,1763,2085,0,-1.00734993875051,-1.23027325526031
"2009-07-24",2009-07-24,0.0218900160170849,874000,-0.558986175115208,1914,0.0788923719958202,1763,2085,0,1.34332193407428,-1.06466637691514
"2009-07-27",2009-07-27,0.0334378265412748,673700,-0.544239631336406,1978,0.108695652173913,1763,2085,0,1.37777137921106,-0.815502547253836
"2009-07-28",2009-07-28,-0.00353892821031345,5e+05,-0.545852534562212,1971,0.105530187721969,1763,2085,0,-1.00296359017782,-0.842227599888617
"2009-07-29",2009-07-29,0.0248604769152714,648100,-0.534562211981567,2020,0.127227722772277,1763,2085,0,1.20560500761615,-0.657728982170099
"2009-07-30",2009-07-30,-0.0252475247524752,774800,-0.5463133640553,1969,0.104621635347892,1763,2085,0,-1.02198275862069,-0.849886450137305
"2009-07-31",2009-07-31,0.0147282884713052,631900,-0.53963133640553,1998,0.117617617617618,1763,2085,0,1.12421887907325,-0.739828814075745
"2009-08-03",2009-08-03,0.00850850850850851,319300,-0.535714285714286,2015,0.125062034739454,1763,2085,0,1.06329338472098,-0.67628497530278
"2009-08-04",2009-08-04,0.0148883374689826,699600,-0.528801843317973,2045,0.137897310513447,1763,2085,0,1.10263127255792,-0.565837466213931
"2009-08-05",2009-08-05,0.00244498777506112,468700,-0.527649769585254,2050,0.14,1763,2085,0,1.01524822695035,-0.547633819233437
"2009-08-06",2009-08-06,0.00731707317073171,407400,-0.524193548387097,2065,0.146246973365617,1763,2085,0,1.04462123832584,-0.493364578578345
"2009-08-07",2009-08-07,0.00484261501210654,376100,-0.521889400921659,2075,0.150361445783132,1763,2085,0,1.02813372696082,-0.457465718176019
"2009-08-10",2009-08-10,0.00240963855421687,454800,-0.52073732718894,2080,0.152403846153846,1763,2085,0,1.01358327169625,-0.439599263706182
"2009-08-11",2009-08-11,0.03125,849600,-0.505760368663595,2145,0.163636363636364,1794,2145,1906,1.07370232291368,-0.293011626864923
"2009-08-12",2009-08-12,-0.041958041958042,1217000,-0.526497695852535,2055,0.127007299270073,1794,2145,1946,-1.04100227790433,-0.61385755944552
"2009-08-13",2009-08-13,0.0097323600973236,407800,-0.521889400921659,2075,0.135421686746988,1794,2145,0,1.06625121174353,-0.541022671830081
"2009-08-14",2009-08-14,0.00963855421686747,1177900,-0.517281105990784,2095,0.143675417661098,1794,2145,0,1.06094836884974,-0.46908632434103
"2009-08-17",2009-08-17,-0.0310262529832936,732200,-0.532258064516129,2030,0.116256157635468,1794,2145,0,-1.02895322939866,-0.706205200221209
"2009-08-18",2009-08-18,0.00738916256157635,591900,-0.528801843317973,2045,0.122738386308068,1794,2145,0,1.05575815341262,-0.650620194249226
"2009-08-19",2009-08-19,-0.00244498777506112,429300,-0.529953917050692,2040,0.120588235294118,1794,2145,0,-1.00217864923747,-0.66908928999871
"2009-08-20",2009-08-20,0.0196078431372549,571500,-0.52073732718894,2080,0.1375,1794,2145,0,1.14024390243902,-0.522955359298576
"2009-08-21",2009-08-21,0.00480769230769231,760300,-0.518433179723503,2090,0.141626794258373,1794,2145,0,1.03001304915181,-0.486987583762946
"2009-08-24",2009-08-24,0.0598086124401914,1089700,-0.48963133640553,2215,0.0835214446952596,2030,2215,1946,-0.944444444444445,-0.650879900051514
"2009-08-25",2009-08-25,-0.0293453724604966,524200,-0.504608294930876,2150,0.0558139534883721,2030,2215,1955,-1.03058823529412,-0.889610831346758
"2009-08-26",2009-08-26,0.0116279069767442,583900,-0.498847926267281,2175,0.0666666666666667,2030,2215,0,1.19444444444444,-0.796695108532524
"2009-08-27",2009-08-27,-0.0183908045977011,421200,-0.508064516129033,2135,0.0491803278688525,2030,2215,0,-1.01847575057737,-0.946042589106805
"2009-08-28",2009-08-28,0.0187353629976581,546000,-0.498847926267281,2175,0.0666666666666667,2030,2215,0,1.35555555555555,-0.796695108532524
"2009-08-31",2009-08-31,-0.0137931034482759,843200,-0.505760368663595,2145,0.0536130536130536,2030,2215,0,-1.01385681293303,-0.908363761677981
"2009-09-02",2009-09-02,-0.0303030303030303,828100,-0.52073732718894,2080,0.0240384615384616,2030,2215,0,-1.02961275626424,-1.15753724832454
"2009-09-03",2009-09-03,0,720200,-0.52073732718894,2080,0.0240384615384616,2030,2215,0,-1,-1.15753724832454
"2009-09-04",2009-09-04,-0.00961538461538462,454500,-0.525345622119816,2060,0.0145631067961165,2030,2215,0,-1.00884955752212,-1.23630604641414
"2009-09-07",2009-09-07,0.0121359223300971,364900,-0.519585253456222,2085,0.026378896882494,2030,2215,0,1.81135091926459,-1.13800390656471
"2009-09-08",2009-09-08,0.0167865707434053,593700,-0.511520737327189,2120,0.0424528301886793,2030,2215,0,1.60934819897085,-1.00299936627329
"2009-09-09",2009-09-09,0,751300,-0.511520737327189,2120,0.0424528301886793,2030,2215,0,-1,-1.00299936627329
"2009-09-10",2009-09-10,0.0377358490566038,919300,-0.493087557603687,2200,0.0772727272727273,2030,2215,0,1.82020202020202,-0.705158895086342
"2009-09-11",2009-09-11,-0.0272727272727273,3700200,-0.506912442396314,2140,0.0514018691588785,2030,2215,0,-1.02803738317757,-0.927174212888677
"2009-09-14",2009-09-14,-0.0163551401869159,735900,-0.514976958525346,2105,0.0356294536817102,2030,2215,0,-1.01590909090909,-1.06049238653898
"2009-09-15",2009-09-15,0.00475059382422803,519400,-0.512672811059908,2115,0.0401891252955082,2030,2215,0,1.12797478329393,-1.02210356036674
"2009-09-16",2009-09-16,0,597800,-0.512672811059908,2115,0.0401891252955082,2030,2215,0,-1,-1.02210356036674
"2009-09-17",2009-09-17,0.0307328605200946,690000,-0.497695852534563,2180,0.0688073394495413,2030,2215,0,1.71208850512682,-0.778279023819754
"2009-09-18",2009-09-18,-0.0206422018348624,710600,-0.508064516129033,2135,0.0491803278688525,2030,2215,0,-1.02083333333333,-0.946042589106805
"2009-09-21",2009-09-21,0,0,-0.508064516129033,2135,0.0491803278688525,2030,2215,0,-1,-0.946042589106805
"2009-09-24",2009-09-24,0.0327868852459016,1513500,-0.491935483870968,2205,0.0793650793650794,2030,2215,0,1.61375661375661,-0.687013064377585
"2009-09-25",2009-09-25,-0.0226757369614512,938400,-0.503456221198157,2155,0.0580046403712297,2030,2215,0,-1.02341920374707,-0.870915021517658
"2009-09-28",2009-09-28,-0.0348027842227378,1131400,-0.52073732718894,2080,0.0240384615384616,2030,2215,0,-1.03432494279176,-1.15753724832454
"2009-09-29",2009-09-29,0.00961538461538462,776200,-0.516129032258065,2100,0.0333333333333333,2030,2215,0,1.38666666666666,-1.07977787784625
"2009-09-30",2009-09-30,-0.00476190476190476,638100,-0.518433179723503,2090,0.0287081339712919,2030,2215,0,-1.00446428571429,-1.11853319580793
"2009-10-01",2009-10-01,-0.0143540669856459,613100,-0.525345622119816,2060,0.0145631067961165,2030,2215,0,-1.01333333333333,-1.23630604641414
"2009-10-02",2009-10-02,-0.0145631067961165,1030500,-0.532258064516129,2030,0,2030,2205,1980,-1.01315789473684,-1.35641718503599
"2009-10-05",2009-10-05,-0.0364532019704433,1325600,-0.549308755760369,1956,0,1956,2030,1981,-1.03203463203463,-1.45178042447096
"2009-10-06",2009-10-06,0.00153374233128834,623300,-0.548617511520738,1959,0.00153139356814702,1956,1959,1981,-0.998741610738255,-1.43934937763513
"2009-10-07",2009-10-07,0,815400,-0.548617511520738,1959,0.00153139356814702,0,1959,0,-1,-1.43934937763513
"2009-10-08",2009-10-08,0.00408371618172537,783100,-0.546774193548387,1967,0.0055922724961871,0,1967,0,3.65175394001016,-1.40632764645615
"2009-10-09",2009-10-09,0.0152516522623284,1605400,-0.539861751152074,1997,0.0205307961942914,0,1997,0,3.67127964674283,-1.28411682921134
"2009-10-13",2009-10-13,-0.0165247871807712,665300,-0.547465437788019,1964,0.00407331975560077,1956,1997,1986,-1.01408450704225,-1.41868911267496
"2009-10-14",2009-10-14,0.00560081466395112,619300,-0.544930875576037,1975,0.00962025316455695,1956,1997,0,2.36177215189876,-1.3734899127802
"2009-10-15",2009-10-15,0.0278481012658228,758100,-0.532258064516129,2030,0.032512315270936,1964,2030,1986,3.37956961368941,-1.17457824013016
"2009-10-16",2009-10-16,0.00985221674876847,683500,-0.527649769585254,2050,0.0419512195121952,0,2050,0,1.29031781226903,-1.09601330696385
"2009-10-19",2009-10-19,0.0146341463414634,620300,-0.52073732718894,2080,0.0557692307692308,0,2080,0,1.32938282647585,-0.980069431902026
"2009-10-20",2009-10-20,0.0144230769230769,551700,-0.513824884792627,2110,0.0691943127962086,0,2110,0,1.2407256087596,-0.866323180602792
"2009-10-21",2009-10-21,-0.023696682464455,763900,-0.525345622119816,2060,0.0466019417475728,1964,2110,1992,-1.02242152466368,-1.05711524148267
"2009-10-22",2009-10-22,-0.0242718446601942,524500,-0.536866359447005,2010,0.0228855721393035,1964,2110,0,-1.0219298245614,-1.25419374214563
"2009-10-23",2009-10-23,0.00995024875621891,574300,-0.532258064516129,2030,0.032512315270936,1964,2110,0,1.42064681944742,-1.17457824013016
"2009-10-26",2009-10-26,0.0123152709359606,399600,-0.526497695852535,2055,0.0442822384428224,1964,2110,0,1.36201430362014,-1.07653263049913
"2009-10-27",2009-10-27,-0.0170316301703163,445000,-0.534562211981567,2020,0.0277227722772277,1964,2110,0,-1.01531728665208,-1.21425271971829
"2009-10-28",2009-10-28,-0.00247524752475248,434900,-0.535714285714286,2015,0.0253101736972705,1964,2110,0,-1.00215517241379,-1.23418966505333
"2009-10-29",2009-10-29,-0.0347394540942928,1441000,-0.551843317972351,1945,0,1945,2060,1998,-1.03010752688172,-1.46595604114373
"2009-10-30",2009-10-30,0.0179948586118252,509000,-0.543778801843318,1980,0.0176767676767676,1945,1980,1998,-0.985386221294363,-1.32198696823207
"2009-11-02",2009-11-02,-0.0348484848484849,895300,-0.559677419354839,1911,0,0,1980,2000,-1.02923728813559,-1.50977158358683
"2009-11-04",2009-11-04,-0.00837257980115123,703700,-0.563364055299539,1895,0,1895,1911,2001,-1.00658707286949,-1.53039066238358
"2009-11-05",2009-11-05,-0.00158311345646438,569800,-0.564055299539171,1892,0,1892,1895,2002,-1.00122699386503,-1.53425673965797
"2009-11-06",2009-11-06,0.00211416490486258,582800,-0.563133640552996,1896,0.00210970464135019,1892,1896,2002,-0.998366013071895,-1.51730254986676
"2009-11-09",2009-11-09,-0.00580168776371308,697000,-0.565668202764977,1885,0,0,1896,2004,-1.00450081833061,-1.54327758663155
"2009-11-10",2009-11-10,-0.00212201591511936,694100,-0.566589861751152,1881,0,1881,1885,2005,-1.00162932790224,-1.54843235633073
"2009-11-11",2009-11-11,0.0154173312068049,756000,-0.559907834101383,1910,0.0151832460732985,1881,1910,2005,-0.98820658804392,-1.42614151759019
"2009-11-12",2009-11-12,0.00628272251308901,742300,-0.557142857142857,1922,0.0213319458896982,0,1922,0,1.40496609135598,-1.37628799081189
"2009-11-13",2009-11-13,-0.00520291363163371,1513000,-0.559447004608295,1912,0.016213389121339,1881,1922,2008,-1.00413564929694,-1.41780261980629
"2009-11-16",2009-11-16,-0.00261506276150628,599400,-0.560599078341014,1907,0.0136339800734138,1881,1922,0,-1.00205930807249,-1.4386725235985
"2009-11-17",2009-11-17,0.00996329313057158,590500,-0.556221198156682,1926,0.00986500519210798,1907,1926,2008,-0.992190711056309,-1.4352669618313
"2009-11-18",2009-11-18,-0.000519210799584631,659000,-0.556451612903226,1925,0.00935064935064933,1907,1926,2011,-1.00041425020712,-1.43943240796427
"2009-11-19",2009-11-19,-0.00415584415584416,1104800,-0.558294930875576,1917,0.00521648408972353,1907,1926,0,-1.00331262939959,-1.47286402411567
"2009-11-20",2009-11-20,-0.00312989045383412,960000,-0.559677419354839,1911,0.00209314495028778,1907,1926,0,-1.00247626908791,-1.49806478060698
"2009-11-24",2009-11-24,-0.0209314495028781,937900,-0.56889400921659,1871,0,1871,1925,2014,-1.01646768217373,-1.5613192805787
"2009-11-25",2009-11-25,0.00106894708711919,832300,-0.568433179723502,1873,0.00106780565937004,1871,1873,2014,-0.999189955447549,-1.55276973862968
"2009-11-26",2009-11-26,-0.0101441537640149,824100,-0.572811059907834,1854,0,0,1873,2016,-1.00770166193758,-1.58322705180025
"2009-11-27",2009-11-27,-0.0215749730312837,1362700,-0.582027649769586,1814,0,1814,1854,2017,-1.01609010458568,-1.63477474879213
"2009-11-30",2009-11-30,0.0242557883131202,783000,-0.571889400921659,1858,0.023681377825619,1814,1858,2017,-0.98258115597783,-1.44562410909825
"2009-12-01",2009-12-01,0.0317545748116254,1241800,-0.558294930875576,1917,0.0537297861241524,0,1917,0,2.26886233224261,-1.20153275833761
"2009-12-02",2009-12-02,-0.0151278038601982,983200,-0.564976958525346,1888,0.0391949152542372,1814,1917,2020,-1.01196863392489,-1.32019728311363
"2009-12-03",2009-12-03,0.0593220338983051,1142600,-0.539170506912443,2000,0.056,1888,2000,2020,1.42875675675676,-1.08187415085725
"2009-12-04",2009-12-04,-5e-04,788400,-0.539400921658986,1999,0.0555277638819409,1888,2000,2022,-1.00042735042735,-1.08580402453102
"2009-12-07",2009-12-07,0.0205102551275638,654800,-0.529953917050691,2040,0.0200980392156863,1999,2040,2022,-0.982486117043998,-1.23112343232313
"2009-12-08",2009-12-08,0.00980392156862745,972400,-0.525345622119816,2060,0.0296116504854369,0,2060,0,1.47336017049491,-1.15214066834027
"2009-12-09",2009-12-09,-0.00970873786407767,483400,-0.529953917050691,2040,0.0200980392156863,1999,2060,2025,-1.00877192982456,-1.23112343232314
"2009-12-10",2009-12-10,0,1036900,-0.529953917050691,2040,0.0200980392156863,1999,2060,0,-1,-1.23112343232314
"2009-12-11",2009-12-11,0.0220588235294118,3104800,-0.519585253456221,2085,0.0215827338129496,2040,2085,2025,1.07387260922969,-1.16482848749334
"2009-12-14",2009-12-14,-0.00959232613908873,412000,-0.524193548387097,2065,0.0121065375302664,2040,2085,2028,-1.00886917960089,-1.24360199225504
"2009-12-15",2009-12-15,-0.0121065375302663,425900,-0.529953917050692,2040,0,2040,2065,2029,-1.01098901098901,-1.34353026078802
"2009-12-16",2009-12-16,0.017156862745098,477100,-0.521889400921659,2075,0.016867469879518,2040,2075,2029,-0.984782608695652,-1.20408752985909
"2009-12-17",2009-12-17,0,472700,-0.521889400921659,2075,0.016867469879518,0,2075,0,-1,-1.20408752985909
"2009-12-18",2009-12-18,0.0072289156626506,730000,-0.518433179723502,2090,0.0239234449760766,0,2090,0,1.41831852358169,-1.14529360309797
"2009-12-21",2009-12-21,0.00239234449760766,372700,-0.517281105990784,2095,0.0262529832935561,0,2095,0,1.09737470167064,-1.12582120759172
"2009-12-22",2009-12-22,0.0190930787589499,557100,-0.508064516129032,2135,0.044496487119438,0,2135,0,1.69491164573132,-0.972238959709233
"2009-12-24",2009-12-24,0.00702576112412178,731500,-0.504608294930876,2150,0.0511627906976744,0,2150,0,1.14981640146879,-0.915624436572892
"2009-12-25",2009-12-25,-0.00232558139534884,452500,-0.505760368663595,2145,0.048951048951049,2040,2150,2036,-1.00228310502283,-0.934438004678534
"2009-12-28",2009-12-28,0.020979020979021,463400,-0.495391705069125,2190,0.0205479452054794,2145,2190,2036,-0.979498861047836,-1.03530327809002
"2009-12-29",2009-12-29,-0.0045662100456621,555900,-0.497695852534562,2180,0.0160550458715596,2145,2190,2038,-1.0046511627907,-1.07331865190055
"2009-12-30",2009-12-30,-0.0206422018348624,450100,-0.508064516129032,2135,0,2135,2180,2039,-1.02083333333333,-1.22110448043231
"2010-01-04",2010-01-04,0.0117096018735363,266600,-0.502304147465438,2160,0.0115740740740741,2135,2160,2039,-0.988662131519274,-1.12415424014088
"2010-01-05",2010-01-05,0.0166666666666667,565600,-0.494009216589862,2196,0.0277777777777778,0,2196,0,2.4,-0.98713521130807
"2010-01-06",2010-01-06,0.00546448087431694,553300,-0.491244239631337,2208,0.0330615942028986,0,2208,0,1.19021739130435,-0.94211891257786
"2010-01-07",2010-01-07,-0.0131340579710145,567700,-0.497926267281106,2179,0.0201927489674163,2135,2208,2043,-1.01360225140713,-1.05146548072646
"2010-01-08",2010-01-08,0.00917852225791648,1778700,-0.493317972350231,2199,0.0291041382446566,2135,2208,0,1.44131630079788,-0.975850899255498
"2010-01-12",2010-01-12,-0.0104592996816735,1155500,-0.498617511520738,2176,0.0188419117647058,2135,2208,0,-1.01074264362447,-1.06288668932981
"2010-01-13",2010-01-13,0.00689338235294118,813600,-0.495161290322581,2191,0.0255591054313099,2135,2208,0,1.35650276630562,-1.00598754173969
"2010-01-14",2010-01-14,-0.00273847558192606,717600,-0.496543778801844,2185,0.022883295194508,2135,2208,0,-1.00279199627734,-1.02868530258792
"2010-01-15",2010-01-15,-0.00320366132723112,1005300,-0.49815668202765,2178,0.019742883379247,2135,2208,0,-1.00324825986079,-1.05527023770158
"2010-01-18",2010-01-18,-0.0114784205693297,1323600,-0.503917050691244,2153,0.00836042731072917,2135,2208,0,-1.01156336725254,-1.1511487728356
"2010-01-19",2010-01-19,-0.0106827682303762,386900,-0.509216589861751,2130,0,2130,2199,2050,-1.01051668952904,-1.2275479425563
"2010-01-20",2010-01-20,0.0492957746478873,1220500,-0.485023041474655,2235,0.0469798657718121,2130,2235,2050,-0.952488687782806,-0.82948036637322
"2010-01-21",2010-01-21,0.0246085011185682,1637900,-0.472350230414747,2290,0.0698689956331878,0,2290,0,1.48721147847785,-0.63058509354993
"2010-01-22",2010-01-22,-0.0266375545851528,1085400,-0.486405529953917,2229,0.044414535666218,2130,2290,2053,-1.02975609756098,-0.851560220119953
"2010-01-25",2010-01-25,-0.012561686855092,654200,-0.492857142857143,2201,0.032258064516129,2130,2290,0,-1.01326385599242,-0.955633840924146
"2010-01-26",2010-01-26,-0.0136301681054066,853200,-0.499769585253457,2171,0.018885306310456,2130,2290,0,-1.0140252454418,-1.06908744900864
"2010-01-27",2010-01-27,-0.015660985720866,922800,-0.507603686635945,2137,0.0032756200280768,2130,2290,0,-1.01567542646381,-1.20020679803226
"2010-01-28",2010-01-28,0.0355638745905475,906000,-0.490092165898618,2213,0.0375056484410303,2130,2290,0,11.4499386740686,-0.910820187854705
"2010-01-29",2010-01-29,-0.0573881608676005,2188900,-0.519354838709678,2086,0,2086,2229,2058,-1.05970850963799,-1.28425040924736
"2010-02-01",2010-02-01,-0.0292425695110259,2164500,-0.533410138248848,2025,0,2025,2086,2059,-1.02706299911269,-1.36286064715998
"2010-02-02",2010-02-02,0.00691358024691358,970200,-0.530184331797235,2039,0.00686611083864641,2025,2039,2059,-0.993952483801296,-1.3064173094018
"2010-02-03",2010-02-03,0.0147130946542423,974500,-0.523271889400922,2069,0.0212663122281296,0,2069,0,3.09728647379687,-1.18721728852149
"2010-02-04",2010-02-04,0.00289995166747221,613800,-0.521889400921659,2075,0.0240963855421686,0,2075,0,1.13307776560788,-1.16365674583293
"2010-02-05",2010-02-05,-0.0289156626506024,1279800,-0.535714285714286,2015,0,0,2075,2063,-1.02649006622517,-1.37574757140794
"2010-02-08",2010-02-08,-0.00843672456575682,511300,-0.53963133640553,1998,0,1998,2015,2064,-1.00731182795699,-1.39765534262949
"2010-02-09",2010-02-09,-0.005005005005005,582300,-0.541935483870968,1988,0,1988,1998,2065,-1.00426985482494,-1.41054226687746
"2010-02-10",2010-02-10,0.0045271629778672,617000,-0.539861751152074,1997,0.00450676014021034,1988,1997,2065,-0.996173469387755,-1.37373806303998
"2010-02-12",2010-02-12,0.0550826239359039,1907500,-0.514516129032259,2107,0.0564784053156147,0,2107,0,12.531930601698,-0.941308376295008
"2010-02-15",2010-02-15,-0.00332225913621262,847000,-0.516129032258065,2100,0.0533333333333333,1988,2107,2068,-1.00313479623824,-0.967919375373877
"2010-02-16",2010-02-16,-0.00380952380952381,603600,-0.517972350230415,2092,0.0497131931166348,1988,2107,0,-1.00357142857143,-0.998476087941248
"2010-02-17",2010-02-17,0.0262906309751434,691800,-0.505299539170507,2147,0.0256171401956218,2092,2147,2068,-0.975533807829181,-1.0623654243394
"2010-02-18",2010-02-18,0.0107126222636237,943000,-0.5,2170,0.0359447004608295,0,2170,0,1.40315039798911,-0.9749642272961
"2010-02-19",2010-02-19,-0.0207373271889401,951000,-0.51036866359447,2125,0.0155294117647059,2092,2170,2072,-1.02073732718894,-1.14713656746644
"2010-02-22",2010-02-22,0.0249411764705882,867500,-0.49815668202765,2178,0.0243342516069789,2125,2178,2072,1.56697832317667,-1.02959105898892
"2010-02-23",2010-02-23,0.0032139577594123,693300,-0.496543778801844,2185,0.0274599542334096,0,2185,0,1.12844868528993,-1.00308839126701
"2010-02-24",2010-02-24,-0.0297482837528604,1028500,-0.511520737327189,2120,0,0,2185,2075,-1.03016241299304,-1.24043486680427
"2010-02-25",2010-02-25,0.0141509433962264,771400,-0.504608294930876,2150,0.013953488372093,2120,2150,2075,-0.986486486486487,-1.12373327838196
"2010-02-26",2010-02-26,-0.0186046511627907,1024500,-0.513824884792627,2110,0,0,2150,2077,-1.01826484018265,-1.25332179105224
"2010-03-01",2010-03-01,0.00568720379146919,898000,-0.511059907834102,2122,0.00565504241281811,2110,2122,2077,-0.994618834080717,-1.20622925316889
"2010-03-02",2010-03-02,0.00801131008482564,728600,-0.507142857142858,2139,0.0135577372604021,0,2139,0,2.39745987221443,-1.14012230139
"2010-03-03",2010-03-03,0.0130902290790089,946400,-0.500691244239632,2167,0.0263036455929857,0,2167,0,1.94012061804815,-1.03275200255904
"2010-03-04",2010-03-04,-0.000461467466543609,956300,-0.500921658986176,2166,0.025854108956602,2110,2167,2081,-1.00046019328118,-1.03655491973145
"2010-03-05",2010-03-05,0.0249307479224377,1090500,-0.488479262672811,2220,0.0243243243243243,2166,2220,2081,-0.975160993560258,-0.975521499696012
"2010-03-08",2010-03-08,0.0603603603603604,3231800,-0.457603686635945,2354,0.0798640611724724,0,2354,0,3.28330029264609,-0.492207125196047
"2010-03-09",2010-03-09,-0.0135938827527613,1155000,-0.464976958525346,2322,0.0671834625322998,2166,2354,2084,-1.01611278952669,-0.604366921506694
"2010-03-10",2010-03-10,0.0241171403962102,1043100,-0.452073732718895,2378,0.0235492010092515,2322,2378,2084,-0.972249752229931,-0.776243303240871
"2010-03-11",2010-03-11,0.00841042893187553,1612300,-0.447465437788019,2398,0.0316930775646372,0,2398,0,1.34582390086977,-0.704921362954666
"2010-03-12",2010-03-12,0.0204336947456214,5157400,-0.436175115207374,2447,0.0510829587249694,0,2447,0,1.61180177661153,-0.533329280654015
"2010-03-15",2010-03-15,-0.0151205557825909,1143800,-0.444700460829494,2410,0.0365145228215767,2322,2447,2088,-1.01954569466455,-0.662491071547414
"2010-03-16",2010-03-16,-0.004149377593361,914700,-0.447004608294931,2400,0.0325,2322,2447,0,-1.00518134715026,-0.697830921343521
"2010-03-17",2010-03-17,0.02,1123800,-0.43594470046083,2448,0.0196078431372549,2400,2448,2088,-0.975257731958763,-0.708078552968547
"2010-03-18",2010-03-18,-0.0102124183006536,908000,-0.441705069124424,2423,0.00949236483697891,2400,2448,2091,-1.01321353065539,-0.796870976311504
"2010-03-19",2010-03-19,0.000412711514651259,1042500,-0.441474654377881,2424,0.00990099009900991,2400,2448,0,1.04304778303918,-0.793296873392548
"2010-03-23",2010-03-23,-0.00825082508250825,609000,-0.446082949308756,2404,0.00166389351081531,2400,2448,0,-1.01043841336117,-0.865140186342274
"2010-03-24",2010-03-24,0.00665557404326123,1125100,-0.442396313364056,2420,0.00826446280991733,2400,2448,0,4.96694214876032,-0.80760461768239
"2010-03-25",2010-03-25,-0.00537190082644628,1202100,-0.445391705069125,2407,0.00290818446198593,2400,2448,0,-1.00677083333333,-0.85431488294599
"2010-03-26",2010-03-26,0.0261736601578729,1674100,-0.430875576036867,2470,0.0267206477732793,2404,2470,2091,9.18808559861173,-0.639945935874803
"2010-03-29",2010-03-29,-0.00931174089068826,831900,-0.436175115207374,2447,0.0175725378013895,2404,2470,2097,-1.01229946524064,-0.720750555740542
"2010-03-30",2010-03-30,0.00939926440539436,692900,-0.430875576036867,2470,0.00931174089068831,2447,2470,2097,-0.987849973586899,-0.737312648553184
"2010-03-31",2010-03-31,-0.00526315789473684,1131100,-0.433870967741936,2457,0.00407000407000402,2447,2470,2099,-1.00695187165775,-0.783382291631346
"2010-04-01",2010-04-01,0.0154660154660155,1604300,-0.425115207373272,2495,0.0152304609218437,2457,2495,2099,3.74212424849703,-0.671992379971347
"2010-04-02",2010-04-02,0.00601202404809619,1367400,-0.421658986175116,2510,0.0211155378486055,0,2510,0,1.38640176137555,-0.619747199001279
"2010-04-05",2010-04-05,0.0119521912350598,904300,-0.414746543778802,2540,0.0326771653543307,0,2540,0,1.54754122715793,-0.516423109310679
"2010-04-06",2010-04-06,0.00748031496062992,973400,-0.410368663594471,2559,0.0398593200468933,0,2559,0,1.21979123998926,-0.451768699817789
"2010-04-07",2010-04-07,-0.0136772176631497,1461100,-0.418433179723503,2524,0.0265451664025357,2457,2559,2104,-1.01965188096575,-0.571337999102928
"2010-04-08",2010-04-08,0.000792393026941363,1000100,-0.417972350230415,2526,0.0273159144893111,2457,2559,0,1.02903534583614,-0.564449877914827
"2010-04-09",2010-04-09,0.0292953285827395,5605500,-0.400921658986176,2600,0.0292307692307693,2524,2600,2104,1.07010033444816,-0.458376999288272
"2010-04-12",2010-04-12,0.0415384615384615,2338000,-0.376036866359447,2708,0.0679468242245199,0,2708,0,2.32449661820726,-0.102662220748253
"2010-04-13",2010-04-13,-0.0107090103397341,1318300,-0.382718894009217,2679,0.0578574094811497,2524,2708,2108,-1.01776960784314,-0.196463642268169
"2010-04-14",2010-04-14,0.0111982082866741,1208700,-0.375806451612904,2709,0.0110741971207088,2679,2709,2108,-0.981938591210114,-0.419457873298558
"2010-04-15",2010-04-15,-0.00184569952011812,967700,-0.376958525345623,2704,0.00924556213017746,2679,2709,2110,-1.00306560392397,-0.436128754003014
"2010-04-16",2010-04-16,-0.0255177514792899,1232900,-0.392857142857143,2635,0,2635,2704,2111,-1.0421760391198,-0.576758268033849
"2010-04-19",2010-04-19,-0.0132827324478178,811500,-0.400921658986176,2600,0,2600,2635,2112,-1.02052785923754,-0.621862502901741
"2010-04-20",2010-04-20,0.0165384615384615,1163700,-0.391013824884793,2643,0.0162693908437381,2600,2643,2112,-0.975287356321839,-0.475455243839559
"2010-04-21",2010-04-21,-0.0109723798713583,1237100,-0.397695852534563,2614,0.00535577658760522,2600,2643,2114,-1.01708898055392,-0.573866351521278
"2010-04-22",2010-04-22,0.000382555470543229,790000,-0.397465437788019,2615,0.00573613766730396,2600,2643,0,1.07101884730947,-0.570450328057788
"2010-04-23",2010-04-23,-0.00917782026768642,679600,-0.40299539170507,2591,0,2591,2615,2116,-1.01391304347826,-0.633460734724914
"2010-04-26",2010-04-26,0.0196835198764956,708300,-0.391244239631337,2642,0.0193035579106737,2591,2642,2116,-0.970840480274442,-0.459774067046435
"2010-04-27",2010-04-27,-0.00227100681302044,756000,-0.3926267281106,2636,0.0170713201820941,2591,2642,2118,-1.00353356890459,-0.479990960069279
"2010-04-28",2010-04-28,-0.0254172989377845,1288200,-0.408064516129033,2569,0,2569,2636,2119,-1.03931924882629,-0.661811968070447
"2010-04-30",2010-04-30,0.00817438692098093,778900,-0.403225806451613,2590,0.00810810810810814,2569,2590,2119,-0.988142292490119,-0.589401385606857
"2010-05-06",2010-05-06,-0.0277992277992278,1418800,-0.419815668202766,2518,0,0,2590,2121,-1.04114285714286,-0.72753528173509
"2010-05-07",2010-05-07,-0.0234312946783161,1434400,-0.433410138248848,2459,0,2459,2518,2122,-1.03238199780461,-0.803568134798109
"2010-05-10",2010-05-10,0.0195201301342009,1011600,-0.422350230414747,2507,0.0191463901076985,2459,2507,2122,-0.974481658692185,-0.634626572147905
"2010-05-11",2010-05-11,0.00438771439968089,731000,-0.419815668202766,2518,0.0234312946783162,0,2518,0,1.22379699496955,-0.596485805049823
"2010-05-12",2010-05-12,-0.0270055599682288,1358000,-0.435483870967742,2450,0,0,2518,2125,-1.03732162458836,-0.815166366621281
"2010-05-13",2010-05-13,0.0204081632653061,1001200,-0.423963133640553,2500,0.02,2450,2500,2125,-0.973544973544974,-0.638873242909061
"2010-05-14",2010-05-14,-0.0068,1274300,-0.427880184331798,2483,0.0132903745469191,2450,2500,2127,-1.00923913043478,-0.698307446897217
"2010-05-17",2010-05-17,-0.0116794200563834,1316200,-0.434562211981567,2454,0.00162999185004076,2450,2500,0,-1.01561658589122,-0.800895174552707
"2010-05-18",2010-05-18,0.0138549307253464,1630300,-0.426728110599079,2488,0.0152733118971061,2450,2500,0,9.37017684887456,-0.680773564648809
"2010-05-19",2010-05-19,-0.0164790996784566,1098400,-0.436175115207374,2447,0,2447,2488,2130,-1.02213822894168,-0.819032443895672
"2010-05-20",2010-05-20,-0.0155292194523907,790900,-0.444930875576037,2409,0,2409,2447,2131,-1.02007395668251,-0.868002756037955
"2010-05-21",2010-05-21,-0.0211706102117061,1026400,-0.45668202764977,2358,0,2358,2409,2132,-1.02641118591403,-0.933726069702599
"2010-05-24",2010-05-24,0,745800,-0.45668202764977,2358,0,2358,2358,2132,-1,-0.933726069702599
"2010-05-25",2010-05-25,-0.0351993214588634,1184000,-0.475806451612904,2275,0,0,2358,2134,-1.04187689202825,-1.04068754096074
"2010-05-26",2010-05-26,0.00175824175824176,804300,-0.474884792626729,2279,0.00175515577007457,2275,2279,2134,-0.998062953995157,-1.02571631645924
"2010-05-27",2010-05-27,0.00482667836770513,954100,-0.472350230414747,2290,0.00655021834061131,0,2290,0,3.73198689956335,-0.984722273866397
"2010-05-28",2010-05-28,0.0174672489082969,1255700,-0.463133640552996,2330,0.0236051502145923,0,2330,0,3.60371959942778,-0.837787619914926
"2010-05-31",2010-05-31,-0.00214592274678112,697100,-0.464285714285715,2325,0.021505376344086,2275,2330,2138,-1.00248756218905,-0.855974960073184
"2010-06-01",2010-06-01,-0.00903225806451613,534900,-0.469124423963134,2304,0.0125868055555556,2275,2330,0,-1.01042183622829,-0.932918399623863
"2010-06-02",2010-06-02,-0.0125868055555556,589600,-0.475806451612904,2275,0,2275,2325,2140,-1.01424361493124,-1.04068754096074
"2010-06-03",2010-06-03,0.0334065934065934,481200,-0.458294930875576,2351,0.0323266695023394,2275,2351,2140,-0.96319612590799,-0.761946274653625
"2010-06-04",2010-06-04,-0.0012760527435134,354800,-0.458986175115208,2348,0.0310902896081772,2275,2351,2142,-1.00150829562594,-0.772727332100413
"2010-06-07",2010-06-07,-0.045144804088586,785700,-0.483410138248848,2242,0,2242,2348,2143,-1.05321285140562,-1.08321439097904
"2010-06-08",2010-06-08,0.0191793041926851,829100,-0.473502304147466,2285,0.0188183807439825,2242,2285,2143,-0.979504289799809,-0.922550822263933
"2010-06-09",2010-06-09,-0.00262582056892779,793000,-0.474884792626729,2279,0.01623519087319,2242,2285,2145,-1.0029197080292,-0.944730564340147
"2010-06-10",2010-06-10,0.0258885476086003,785000,-0.461290322580646,2338,0.025235243798118,2279,2338,2145,1.55435461124083,-0.8183610891594
"2010-06-11",2010-06-11,0.0111206159110351,4072700,-0.455299539170507,2364,0.0359560067681896,0,2364,0,1.42483294616995,-0.724894661555006
"2010-06-14",2010-06-14,0.0232656514382403,533800,-0.442626728110599,2419,0.0578751550227367,0,2419,0,1.60961019380882,-0.531424423229996
"2010-06-15",2010-06-15,0.000826787928896238,384700,-0.442165898617512,2421,0.0586534489880215,0,2421,0,1.0134478078716,-0.5244940985084
"2010-06-16",2010-06-16,0.0256092523750516,757400,-0.427880184331798,2483,0.0821586790173178,0,2483,0,1.40074761902061,-0.313132176603703
"2010-06-17",2010-06-17,-0.0128876359242851,548600,-0.435253456221198,2451,0.0701754385964912,2279,2483,2151,-1.01723209477652,-0.421391700609208
"2010-06-18",2010-06-18,0.0122399020807834,416900,-0.428341013824885,2481,0.0814187827488916,2279,2483,0,1.16021765417171,-0.319847745881849
"2010-06-21",2010-06-21,0.0290205562273277,1101100,-0.411751152073733,2553,0.0399529964747356,2451,2553,2151,-0.961269499731038,-0.458976929119799
"2010-06-22",2010-06-22,-0.0125342734038386,657100,-0.419124423963134,2521,0.0277667592225307,2451,2553,2154,-1.01790710688304,-0.568371799203536
"2010-06-23",2010-06-23,-0.0134867116223721,469000,-0.426958525345622,2487,0.014475271411339,2451,2553,0,-1.01869158878505,-0.686525637756117
"2010-06-24",2010-06-24,0.000804181745074387,487400,-0.426497695852535,2489,0.0152671755725191,2451,2553,0,1.05470737913486,-0.67951919222796
"2010-06-25",2010-06-25,-0.00683005222981117,731300,-0.430414746543779,2472,0.00849514563106801,2451,2553,0,-1.00918422474338,-0.739302419846948
"2010-06-28",2010-06-28,-0.00283171521035599,342500,-0.432027649769586,2465,0.00567951318458415,2451,2553,0,-1.00374732334047,-0.764070888269342
"2010-06-29",2010-06-29,-0.0077079107505071,480100,-0.436405529953917,2446,0,2446,2521,2159,-1.01013333333333,-0.820321136320468
"2010-06-30",2010-06-30,-0.0278004905968929,1011500,-0.452073732718894,2378,0,2378,2446,2160,-1.03590285110876,-0.907952221206659
"2010-07-01",2010-07-01,-0.0235492010092515,934600,-0.464976958525346,2322,0,2322,2378,2161,-1.02854230377166,-0.980118996995287
"2010-07-02",2010-07-02,-0.00129198966408269,564800,-0.465668202764977,2319,0,2319,2322,2162,-1.00148662041625,-0.983985074269678
"2010-07-05",2010-07-05,0.00474342388960759,323900,-0.463133640552996,2330,0.00472103004291846,2319,2330,2162,-0.994557149925779,-0.943405090060515
"2010-07-06",2010-07-06,-0.0201716738197425,1199300,-0.473963133640553,2283,0,0,2330,2164,-1.02338308457711,-1.03037800156237
"2010-07-07",2010-07-07,0.00306614104248795,843200,-0.472350230414747,2290,0.00305676855895198,2283,2290,2164,-0.996596985901799,-1.00426087691834
"2010-07-08",2010-07-08,0.0183406113537118,834100,-0.462672811059908,2332,0.0210120068610634,0,2332,0,6.87392795883356,-0.849713491676429
"2010-07-09",2010-07-09,0.016295025728988,1057900,-0.453917050691245,2370,0.0367088607594936,0,2370,0,1.74704210798244,-0.712951851003843
"2010-07-12",2010-07-12,-0.010126582278481,418300,-0.459447004608295,2346,0.0268542199488491,2283,2370,2168,-1.01218274111675,-0.798996737373061
"2010-07-13",2010-07-13,-0.0187553282182438,598200,-0.469585253456221,2302,0.00825369244135532,2283,2370,0,-1.02206619859579,-0.959730561673348
"2010-07-14",2010-07-14,0.0143353605560382,921200,-0.461981566820277,2335,0.0222698072805139,2283,2370,0,2.69816296630227,-0.838812630835596
"2010-07-15",2010-07-15,-0.00513918629550321,1106400,-0.464746543778802,2323,0.0172191132156694,2283,2370,0,-1.00598503740648,-0.882525093660139
"2010-07-16",2010-07-16,-0.0499354283254412,1183900,-0.491474654377881,2207,0,2207,2346,2172,-1.05751115518096,-1.12831862584693
"2010-07-21",2010-07-21,-0.0203896692342546,814100,-0.501843317972351,2162,0,2162,2207,2173,-1.0210970464135,-1.1863097849628
"2010-07-22",2010-07-22,-0.00647548566142461,928700,-0.505069124423964,2148,0,2148,2162,2174,-1.00642791551882,-1.20435147890995
"2010-07-23",2010-07-23,0.00931098696461825,811400,-0.500460829493088,2168,0.0092250922509225,2148,2168,2174,-0.990875912408759,-1.12698238019613
"2010-07-26",2010-07-26,0.00691881918819188,699500,-0.497004608294931,2183,0.0160329821346771,0,2183,0,1.737975263399,-1.0695759754545
"2010-07-27",2010-07-27,-0.000458085203847916,983500,-0.497235023041475,2182,0.0155820348304307,2148,2183,2177,-1.00046360686138,-1.07338678238664
"2010-07-28",2010-07-28,0.0233730522456462,873800,-0.485483870967742,2233,0.0228392297357815,2182,2233,2177,1.46574115539633,-0.967074521008864
"2010-07-29",2010-07-29,-0.025526197939991,1011300,-0.498617511520738,2176,0,0,2233,2179,-1.02705268153773,-1.16826809101564
"2010-07-30",2010-07-30,-0.0105698529411765,1210600,-0.503917050691245,2153,0,2153,2176,2180,-1.01062846580407,-1.19790801678597
"2010-08-02",2010-08-02,-0.016256386437529,654300,-0.511981566820277,2118,0,2118,2153,2181,-1.01600365797897,-1.24301225165386
"2010-08-03",2010-08-03,0.0108593012275732,1129100,-0.50668202764977,2141,0.0107426436244745,2118,2141,2181,-0.98964896489649,-1.15328952446213
"2010-08-04",2010-08-04,-0.0182157870154134,703500,-0.515668202764977,2102,0,0,2141,2183,-1.01773533424284,-1.26363133045061
"2010-08-05",2010-08-05,0.0133206470028544,982200,-0.509216589861752,2130,0.0131455399061032,2102,2130,2183,-0.987488829311886,-1.15402592215192
"2010-08-06",2010-08-06,0.0112676056338028,820900,-0.503686635944701,2154,0.0241411327762303,0,2154,0,1.83645045762038,-1.06159977634438
"2010-08-09",2010-08-09,0.0162488393686165,1355600,-0.495622119815669,2189,0.0397441754225674,0,2189,0,1.64632603577327,-0.929228892254895
"2010-08-10",2010-08-10,-0.00730927364093193,834500,-0.499308755760369,2173,0.0326737229636447,2102,2189,2187,-1.00743840074384,-0.989392482244506
"2010-08-11",2010-08-11,-0.03865623561896,1087800,-0.518663594470047,2089,0,2089,2173,2188,-1.03876326718966,-1.28038433197297
"2010-08-12",2010-08-12,-0.0363810435615127,1650900,-0.536175115207374,2013,0,2013,2089,2189,-1.03376277210129,-1.37832495625754
"2010-08-13",2010-08-13,-0.00844510680576254,2298800,-0.540092165898618,1996,0,1996,2013,2190,-1.00730554361839,-1.40023272747909
"2010-08-16",2010-08-16,-0.0120240480961924,1223300,-0.545622119815669,1972,0,1972,1996,2191,-1.01023890784983,-1.43116134567421
"2010-08-17",2010-08-17,-0.0121703853955375,876900,-0.551152073732719,1948,0,1948,1972,2192,-1.01013513513514,-1.46208996386934
"2010-08-18",2010-08-18,0.00770020533880903,883100,-0.547695852534563,1963,0.00764136525725934,1948,1963,2192,-0.993729096989966,-1.40002199377131
"2010-08-19",2010-08-19,0.0224146714212939,1056200,-0.537557603686636,2007,0.0293971101145989,0,2007,0,3.84710181033049,-1.2216412750846
"2010-08-20",2010-08-20,-0.0144494270054808,868200,-0.544239631336406,1978,0.0151668351870576,1948,2007,2195,-1.01243034719246,-1.33860221756195
"2010-08-23",2010-08-23,-0.0136501516683519,965500,-0.550460829493088,1951,0.00153767298821117,1948,2007,0,-1.01143099068586,-1.44962379670727
"2010-08-24",2010-08-24,-0.0246027678113788,644800,-0.561520737327189,1903,0,1903,1978,2197,-1.02009208874006,-1.5200811229852
"2010-08-25",2010-08-25,-0.0131371518654756,1448200,-0.567281105990784,1878,0,1878,1903,2198,-1.01025851456709,-1.55229843360512
"2010-08-26",2010-08-26,0.0308839190628328,1281100,-0.553917050691245,1936,0.0299586776859504,1878,1936,2198,-0.976441917140536,-1.30999763186676
"2010-08-27",2010-08-27,0.0175619834710744,1686100,-0.546082949308756,1970,0.0467005076142132,0,1970,0,1.55883073691581,-1.17254628820253
"2010-08-30",2010-08-30,0.016751269035533,1078000,-0.538479262672812,2003,0.0624063904143785,0,2003,0,1.33631075126441,-1.04217761168258
"2010-08-31",2010-08-31,-0.0439340988517224,1243900,-0.558755760368664,1915,0.0193211488250653,1878,2003,2202,-1.03765511339324,-1.39655507520676
"2010-09-01",2010-09-01,0.00939947780678851,1186200,-0.554608294930876,1933,0.0284531815830316,1878,2003,0,1.47264439814879,-1.32228383611867
"2010-09-02",2010-09-02,0.0336264873254009,945600,-0.539631336405531,1998,0.06006006006006,1878,2003,0,2.11083811083811,-1.06174392379354
"2010-09-03",2010-09-03,0.016016016016016,911700,-0.53225806451613,2030,0.0566502463054187,1915,2030,2202,-0.986336464560205,-1.03957659921523
"2010-09-06",2010-09-06,0.00788177339901478,856800,-0.528571428571429,2046,0.0640273704789834,0,2046,0,1.13022227888988,-0.977697817288094
"2010-09-07",2010-09-07,-0.010752688172043,686000,-0.533640552995392,2024,0.0538537549407114,1915,2046,2207,-1.00959023539669,-1.06294932057567
"2010-09-08",2010-09-08,-0.0276679841897233,970600,-0.546543778801844,1968,0.0269308943089431,1915,2046,0,-1.02417962003454,-1.28569363999139
"2010-09-09",2010-09-09,0.016260162601626,589000,-0.539170506912443,2000,0.0425,1915,2046,0,1.57811320754717,-1.15737864002611
"2010-09-10",2010-09-10,0.0145,2725100,-0.532488479262673,2029,0.0561853129620503,1915,2046,0,1.32200736381295,-1.04346562901696
"2010-09-13",2010-09-13,0.00443568260226713,1137700,-0.530414746543779,2038,0.0603532875368008,1915,2046,0,1.07418263519446,-1.00855622748006
"2010-09-14",2010-09-14,0.00441609421000981,858700,-0.528341013824885,2047,0.0385930630190523,1968,2047,2207,-0.99609035621199,-1.11866130205779
"2010-09-16",2010-09-16,0.0278456277479238,1258800,-0.51520737327189,2104,0.064638783269962,0,2104,0,1.67488087789382,-0.899534070690306
"2010-09-17",2010-09-17,-0.000475285171102662,952300,-0.515437788018434,2103,0.0641940085592011,1968,2104,2214,-1.00044722719141,-0.903310354769268
"2010-09-21",2010-09-21,-0.0252020922491679,1032000,-0.527649769585254,2050,0.04,1968,2104,0,-1.02369244523916,-1.10692633159531
"2010-09-22",2010-09-22,0.00048780487804878,902300,-0.52741935483871,2051,0.0404680643588493,1968,2104,0,1.01170160897123,-1.10301979025843
"2010-09-24",2010-09-24,-0.0126767430521697,1210800,-0.533410138248848,2025,0.0281481481481481,1968,2104,0,-1.01135867190913,-1.20543016219886
"2010-09-27",2010-09-27,0.00740740740740741,545200,-0.529953917050692,2040,0.0352941176470588,1968,2104,0,1.25386996904025,-1.14613290348383
"2010-09-28",2010-09-28,-0.0205882352941176,809800,-0.539631336405531,1998,0.015015015015015,1968,2104,0,-1.01826086956522,-1.3136774879205
"2010-09-29",2010-09-29,-0.0035035035035035,1524100,-0.541244239631337,1991,0.0115519839276745,1968,2104,0,-1.00298889837746,-1.34206680846634
"2010-09-30",2010-09-30,-0.0286288297338021,1046500,-0.554377880184332,1934,0,1934,2103,2221,-1.0242656449553,-1.4801316578165
"2010-10-01",2010-10-01,-0.00103412616339193,1087900,-0.55483870967742,1932,0,1932,1934,2222,-1.00083125519535,-1.48270904266609
"2010-10-04",2010-10-04,-0.0108695652173913,874500,-0.559677419354839,1911,0,1911,1932,2223,-1.00872093023256,-1.50977158358683
"2010-10-05",2010-10-05,0.0293040293040293,1029100,-0.546774193548388,1967,0.0284697508896797,1911,1967,2223,-0.976945244956772,-1.27837562278414
"2010-10-06",2010-10-06,0.0137264870360956,998100,-0.540552995391706,1994,0.0416248746238717,0,1994,0,1.46207372116349,-1.17000530527735
"2010-10-07",2010-10-07,-0.00100300902708124,696200,-0.541013824884793,1992,0.0406626506024096,1911,1994,2226,-1.00085251491901,-1.17796433703113
"2010-10-08",2010-10-08,-0.0306224899598394,1722000,-0.555069124423964,1931,0.0103573278094252,1911,1994,0,-1.02597955706985,-1.426069976172
"2010-10-12",2010-10-12,-0.0362506473329881,1208900,-0.571198156682028,1861,0,1861,1992,2228,-1.02905770029058,-1.57420620482667
"2010-10-13",2010-10-13,0.00214938205265986,746900,-0.570276497695853,1865,0.00214477211796249,1861,1865,2228,-0.99838644614764,-1.5570558852645
"2010-10-14",2010-10-14,0.0407506702412869,1547400,-0.552764976958526,1941,0.0412158681092221,0,1941,0,19.2168985059246,-1.2405935466031
"2010-10-15",2010-10-15,-0.0226687274600721,943900,-0.562903225806452,1897,0.0189773326304692,1861,1941,2231,-1.01834097540642,-1.42167447708576
"2010-10-18",2010-10-18,0.025830258302583,1020900,-0.551612903225807,1946,0.0251798561151079,1897,1946,2231,1.32683852917665,-1.32383829884364
"2010-10-19",2010-10-19,0.00205549845837616,720700,-0.550691244239632,1950,0.0271794871794871,0,1950,0,1.07941391941392,-1.30749974232652
"2010-10-20",2010-10-20,-0.00923076923076923,1093200,-0.55483870967742,1932,0.0181159420289855,1897,1950,2234,-1.00753138075314,-1.38138793535416
"2010-10-21",2010-10-21,0.0072463768115942,1050800,-0.551612903225807,1946,0.0251798561151079,1897,1950,0,1.38992805755396,-1.32383829884364
"2010-10-22",2010-10-22,0.00822199383350463,793600,-0.547926267281107,1962,0.0152905198776758,1932,1962,2234,-0.993316624895572,-1.35852953714514
"2010-10-25",2010-10-25,-0.0219164118246687,944300,-0.557834101382489,1919,0,0,1962,2237,-1.01808242220353,-1.49946204418845
"2010-10-26",2010-10-26,0.000521104742053153,878300,-0.557603686635945,1920,0.000520833333333304,1919,1920,2237,-0.999586947542338,-1.49526036992844
"2010-10-27",2010-10-27,0.0166666666666667,988400,-0.550230414746544,1952,0.016905737704918,0,1952,0,32.4590163934444,-1.36238266902701
"2010-10-28",2010-10-28,-0.0102459016393443,1323200,-0.55483870967742,1932,0.00672877846790887,1919,1952,2240,-1.00837520938023,-1.44507548852166
"2010-10-29",2010-10-29,-0.0175983436853002,686200,-0.562672811059908,1898,0,1898,1932,2241,-1.0141196013289,-1.52652458510919
"2010-11-01",2010-11-01,0.00526870389884088,1323300,-0.560368663594471,1908,0.00524109014675056,1898,1908,2241,-0.995904995904996,-1.48432463610431
"2010-11-02",2010-11-02,-0.00209643605870021,593400,-0.561290322580646,1904,0.00315126050420167,1898,1908,2243,-1.00164473684211,-1.50116766651539
"2010-11-04",2010-11-04,0.00525210084033613,771400,-0.558986175115208,1914,0.00522466039707414,1904,1914,2243,1.6579588993382,-1.47668437191527
"2010-11-05",2010-11-05,0.0464994775339603,1071300,-0.538479262672812,2003,0.0494258612081877,0,2003,0,9.46010983524721,-1.11477673959775
"2010-11-08",2010-11-08,0.0264603095356965,997100,-0.526267281105992,2056,0.0739299610894941,0,2056,0,1.49577486931572,-0.90942644522569
"2010-11-09",2010-11-09,0.0209143968871595,2485200,-0.516359447004609,2099,0.0929013816102906,0,2099,0,1.25661342493919,-0.747906936497924
"2010-11-10",2010-11-10,0.0404954740352549,1829800,-0.496774193548388,2184,0.128205128205128,0,2184,0,1.38001314924392,-0.440916869102051
"2010-11-11",2010-11-11,-0.0265567765567766,1932100,-0.510138248847927,2126,0.104421448730009,1904,2184,2249,-1.02690166975881,-0.648681368208758
"2010-11-12",2010-11-12,-0.0108184383819379,1199900,-0.515437788018434,2103,0.0946267237280076,1904,2184,0,-1.01038843721771,-0.73310245752172
"2010-11-15",2010-11-15,0.00855920114122682,765100,-0.511290322580646,2121,0.102310231023102,1904,2184,0,1.0811980695557,-0.666932712887132
"2010-11-16",2010-11-16,0.0033003300330033,1284300,-0.509677419354839,2128,0.105263157894737,1904,2184,0,1.02886247877759,-0.641396367024981
"2010-11-17",2010-11-17,-0.00234962406015038,623200,-0.510829493087558,2123,0.103155911446067,1904,2184,0,-1.00226039783002,-0.659625500753388
"2010-11-18",2010-11-18,0.0400376825247292,1043300,-0.491244239631337,2208,0.0475543478260869,2103,2208,2249,-0.961659900766802,-0.861062026728317
"2010-11-19",2010-11-19,0.0235507246376812,1141100,-0.479262672811061,2260,0.0694690265486726,0,2260,0,1.46083438685209,-0.671482863435296
"2010-11-22",2010-11-22,0.0106194690265487,961500,-0.47373271889401,2284,0.079246935201401,0,2284,0,1.14075206086093,-0.585867134279877
"2010-11-24",2010-11-24,-0.0100700525394046,999400,-0.479032258064517,2261,0.0698805838124723,2103,2284,2257,-1.01118677042802,-0.667892362049986
"2010-11-25",2010-11-25,0.00574966828836798,950500,-0.476036866359448,2274,0.0751978891820581,2103,2284,0,1.0760913129154,-0.621400069736117
"2010-11-26",2010-11-26,-0.00351802990325418,624700,-0.477880184331798,2266,0.0719329214474845,2103,2284,0,-1.00387221684414,-0.649970329204993
"2010-11-29",2010-11-29,0.0167696381288614,815600,-0.469124423963135,2304,0.0186631944444444,2261,2304,2257,-0.981677917068467,-0.898933611546322
"2010-11-30",2010-11-30,-0.0199652777777778,1053300,-0.479723502304148,2258,0,0,2304,2261,-1.02259332023576,-1.06259531218229
"2010-12-01",2010-12-01,0.016829052258636,794100,-0.470967741935485,2296,0.0165505226480837,2258,2296,2261,-0.981748318924111,-0.921059166112523
"2010-12-02",2010-12-02,0.00566202090592335,882800,-0.467972350230416,2309,0.0220874837592031,0,2309,0,1.33454901871395,-0.873338355683284
"2010-12-03",2010-12-03,0.00822867042009528,979100,-0.463594470046084,2328,0.0300687285223368,0,2328,0,1.36134694427599,-0.804214695258662
"2010-12-06",2010-12-06,0.00171821305841924,546400,-0.462672811059909,2332,0.0317324185248714,0,2332,0,1.05532957608429,-0.789755031946385
"2010-12-07",2010-12-07,0.0055746140651801,943700,-0.45967741935484,2345,0.0371002132196162,0,2345,0,1.16915807065061,-0.74298035661736
"2010-12-08",2010-12-08,0.0281449893390192,2022800,-0.44447004608295,2411,0.0634591455827458,0,2411,0,1.71047926886826,-0.51050312153525
"2010-12-09",2010-12-09,-0.00539195354624637,1261300,-0.44746543778802,2398,0.0583819849874896,2258,2411,2268,-1.00673924313116,-0.555652302107466
"2010-12-10",2010-12-10,-0.000417014178482068,3963700,-0.447695852534563,2397,0.0579891531080517,2258,2411,0,-1.0005149330587,-0.559138073820129
"2010-12-13",2010-12-13,0.0104297037964122,697800,-0.441935483870969,2422,0.0103220478943022,2397,2422,2268,-0.987133299022131,-0.793519313520359
"2010-12-14",2010-12-14,0.0144508670520231,1086800,-0.433870967741936,2457,0.0244200244200244,0,2457,0,2.36581196581196,-0.669566151549569
"2010-12-15",2010-12-15,0.0272690272690273,2464700,-0.418433179723503,2524,0.0503169572107766,0,2524,0,2.0604793977813,-0.438384153058113
"2010-12-16",2010-12-16,0.000396196513470681,945200,-0.41820276497696,2525,0.0506930693069307,0,2525,0,1.00747485772199,-0.434991893841438
"2010-12-17",2010-12-17,0.00792079207920792,964200,-0.413594470046084,2545,0.0581532416502947,0,2545,0,1.14716355599214,-0.367493860019774
"2010-12-20",2010-12-20,0.00471512770137525,992400,-0.410829493087559,2557,0.0625733281188893,0,2557,0,1.07600756799036,-0.327308338263441
"2010-12-21",2010-12-21,0.00743058271411811,920700,-0.406451612903227,2576,0.0694875776397516,0,2576,0,1.11049835015528,-0.264152302336101
"2010-12-22",2010-12-22,-0.0120341614906832,881400,-0.413594470046084,2545,0.0581532416502947,2397,2576,2277,-1.01757369614512,-0.367493860019774
"2010-12-24",2010-12-24,-0.0031434184675835,596400,-0.415437788018434,2537,0.0551832873472605,2397,2576,0,-1.00445682451253,-0.394414131455589
"2010-12-27",2010-12-27,0.0114308238076468,342800,-0.408755760368665,2566,0.0658612626656274,2397,2576,0,1.19350016701926,-0.297320934709003
"2010-12-28",2010-12-28,-0.00779423226812159,262500,-0.41336405529954,2546,0.058523173605656,2397,2576,0,-1.01127395715896,-0.364136165867808
"2010-12-29",2010-12-29,0.00549882168106834,315700,-0.410138248847927,2560,0.063671875,2397,2576,0,1.08797713926175,-0.317298170538213
"2010-12-30",2010-12-30,-0.015234375,598000,-0.419124423963135,2521,0.0491868306227687,2397,2576,0,-1.02191011235955,-0.448570943719442
"2011-01-04",2011-01-04,0.0202300674335581,533500,-0.407373271889402,2572,0.0680404354587869,2397,2576,0,1.38330594993227,-0.277400829896654
"2011-01-05",2011-01-05,-0.00816485225505443,680100,-0.412211981566821,2551,0.0603684829478636,2397,2576,0,-1.0118778280543,-0.347372026762943
"2011-01-06",2011-01-06,0.0168561348490788,869200,-0.402304147465439,2594,0.0281418658442559,2521,2594,2277,-0.975964225824483,-0.472199308944681
"2011-01-07",2011-01-07,-0.0023130300693909,449800,-0.403686635944702,2588,0.0258887171561051,2521,2594,2286,-1.00343642611684,-0.49253315539867
"2011-01-11",2011-01-11,-0.00386398763523957,687700,-0.405990783410139,2578,0.0221101629169899,2521,2594,0,-1.00570776255708,-0.526553250581542
"2011-01-12",2011-01-12,-0.00271528316524438,680100,-0.407603686635946,2571,0.0194476857253987,2521,2594,0,-1.00397275822928,-0.550465133131033
"2011-01-13",2011-01-13,0.0501750291715286,1970500,-0.377880184331798,2700,0.0477777777777778,2571,2700,2286,2.45673333333333,-0.225775726738048
"2011-01-14",2011-01-14,-0.0351851851851852,1924400,-0.399769585253457,2605,0.0130518234165067,2571,2700,2290,-1.05792682926829,-0.542421169682546
"2011-01-17",2011-01-17,0.00268714011516315,443900,-0.398156682027651,2612,0.0156967840735069,2571,2700,0,1.20265066210252,-0.518607255799447
"2011-01-18",2011-01-18,-0.00612557427258806,463700,-0.401843317972351,2596,0.00963020030816641,2571,2700,0,-1.00925925925926,-0.573156283351909
"2011-01-19",2011-01-19,0.00847457627118644,725600,-0.396774193548388,2618,0.0179526355996944,2571,2700,0,1.86420168067227,-0.498258292574699
"2011-01-20",2011-01-20,0.00381970970206264,950200,-0.39447004608295,2628,0.021689497716895,2571,2700,0,1.20815117069854,-0.464471378307939
"2011-01-21",2011-01-21,-0.0338660578386606,1616600,-0.414976958525347,2539,0,2539,2628,2295,-1.05198598130841,-0.700472740814358
"2011-01-24",2011-01-24,-0.00905868452146514,1230500,-0.420276497695854,2516,0,2516,2539,2296,-1.01277068295391,-0.730112666584687
"2011-01-25",2011-01-25,0.0218600953895072,1121200,-0.407603686635946,2571,0.0213924542979386,2516,2571,2296,-0.969846491228071,-0.539588188122052
"2011-01-26",2011-01-26,-0.0101127965772073,628800,-0.413594470046084,2545,0.0113948919449902,2516,2571,2298,-1.01469756924816,-0.62900980882552
"2011-01-27",2011-01-27,-0.00746561886051081,773900,-0.417972350230416,2526,0.00395882818685667,2516,2571,0,-1.01058495821727,-0.695084312710358
"2011-01-28",2011-01-28,-0.00356294536817102,654800,-0.42004608294931,2517,0.000397298371076715,2516,2571,0,-1.00496141124587,-0.726601914118723
"2011-01-31",2011-01-31,-0.00635677393722686,1023900,-0.42373271889401,2501,0,2501,2545,2301,-1.00877674163467,-0.749443052956641
"2011-02-01",2011-02-01,-0.00159936025589764,661100,-0.424654377880185,2497,0,2497,2501,2302,-1.00217509516041,-0.754597822655829
"2011-02-02",2011-02-02,0.0172206647977573,902300,-0.414746543778803,2540,0.0169291338582677,2497,2540,2302,-0.976668475311991,-0.604500670312552
"2011-02-03",2011-02-03,-0.0015748031496063,685700,-0.415668202764978,2536,0.0153785488958991,2497,2540,2304,-1.00222222222222,-0.618327745604077
"2011-02-04",2011-02-04,0.0173501577287066,729200,-0.405529953917052,2580,0.0170542635658915,2536,2580,2304,1.10896442059233,-0.552253132235196
"2011-02-07",2011-02-07,0.00271317829457364,601800,-0.403917050691245,2587,0.0197139543873213,0,2587,0,1.15595459816566,-0.528356833645384
"2011-02-08",2011-02-08,0.00695786625434867,896400,-0.399769585253458,2605,0.0264875239923225,0,2605,0,1.34359263859094,-0.467276302378649
"2011-02-09",2011-02-09,0.0153550863723608,1134000,-0.390552995391706,2645,0.0412098298676749,0,2645,0,1.55582038848251,-0.333387850978914
"2011-02-10",2011-02-10,-0.00907372400756144,861900,-0.396082949308757,2621,0.0324303700877527,2536,2645,2309,-1.0141592920354,-0.413419330348967
"2011-02-14",2011-02-14,0.00724914154902709,1104100,-0.391705069124425,2640,0.0393939393939394,2536,2645,0,1.21472370766489,-0.349987452555194
"2011-02-15",2011-02-15,-0.00946969696969697,749000,-0.39746543778802,2615,0.0302103250478012,2536,2645,0,-1.01470588235294,-0.433568030577259
"2011-02-16",2011-02-16,0.00152963671128107,1059900,-0.396543778801845,2619,0.0316914852997328,2536,2645,0,1.04902827922533,-0.420129242492937
"2011-02-17",2011-02-17,0.00229095074455899,1264700,-0.395161290322582,2625,0.0339047619047619,2536,2645,0,1.06983820998279,-0.400018397614371
"2011-02-18",2011-02-18,0.00152380952380952,847700,-0.394239631336407,2629,0.0353746671738303,2536,2645,0,1.04335394754275,-0.386642557806471
"2011-02-21",2011-02-21,-0.00190186382655002,588900,-0.395391705069126,2624,0.0335365853658537,2536,2645,0,-1.00292226767972,-0.403366273853555
"2011-02-22",2011-02-22,-0.0201981707317073,686600,-0.407603686635946,2571,0.0136133800077791,2536,2645,0,-1.03088578088578,-0.583095968157981
"2011-02-23",2011-02-23,-0.00427849085958771,711700,-0.410138248847928,2560,0.00937500000000002,2536,2645,0,-1.00621820237422,-0.620976526859698
"2011-02-24",2011-02-24,-0.016796875,1558000,-0.42004608294931,2517,0,2517,2640,2318,-1.02415730337079,-0.728823974159892
"2011-02-25",2011-02-25,0.0162892332141438,1165800,-0.410599078341015,2558,0.0160281469898358,2517,2558,2318,-0.977509599561163,-0.586343358758712
"2011-02-28",2011-02-28,0.0148553557466771,1064400,-0.401843317972352,2596,0.0304314329738059,0,2596,0,1.89862452553648,-0.456816546574018
"2011-03-01",2011-03-01,0.0489214175654854,3940500,-0.372580645161292,2723,0.0756518545721631,0,2723,0,2.48597739834601,-0.0402381765667277
"2011-03-02",2011-03-02,-0.0367242012486228,1600900,-0.39562211981567,2623,0.0404117422798322,2517,2723,2322,-1.06184291898578,-0.366202728445341
"2011-03-03",2011-03-03,0.0194433854365231,1069900,-0.383870967741937,2674,0.0587135377711294,2517,2723,0,1.45288310918559,-0.198118842970091
"2011-03-04",2011-03-04,0.00523560209424084,965500,-0.380645161290324,2688,0.0636160714285714,2517,2723,0,1.08349920382166,-0.152657645360841
"2011-03-07",2011-03-07,-0.0267857142857143,706700,-0.397235023041476,2616,0.0378440366972477,2517,2723,0,-1.04358353510896,-0.389584560481813
"2011-03-08",2011-03-08,0.0107033639143731,591200,-0.390783410138251,2644,0.0480332829046899,2517,2723,0,1.26924311190575,-0.29651348148316
"2011-03-09",2011-03-09,0.0192889561270802,954100,-0.379032258064518,2695,0.0660482374768089,2517,2723,0,1.37505149518648,-0.130033875791263
"2011-03-10",2011-03-10,-0.0230055658627087,537600,-0.393317972350232,2633,0.0440562096467907,2517,2723,0,-1.03768996960486,-0.332932571098502
"2011-03-11",2011-03-11,-0.0239270793771363,3830300,-0.40783410138249,2570,0.0206225680933853,2517,2723,0,-1.03690685413005,-0.545182796442624
"2011-03-14",2011-03-14,-0.0906614785992218,1755000,-0.46152073732719,2337,0,2337,2695,2330,-1.1316384180791,-0.96078861062334
"2011-03-15",2011-03-15,-0.151048352588789,3032300,-0.542857142857144,1984,0,1984,2337,2331,-1.1762356465302,-1.41569703657665
"2011-03-16",2011-03-16,0.0630040322580645,3426500,-0.514055299539172,2109,0.0592697961119014,1984,2109,2331,-0.946943972835315,-0.923118951731029
"2011-03-17",2011-03-17,-0.0256045519203414,2816900,-0.526497695852536,2055,0.0345498783454988,1984,2109,2333,-1.02420439264904,-1.13096499179956
"2011-03-18",2011-03-18,0.0218978102189781,2800200,-0.516129032258066,2100,0.0552380952380952,1984,2109,0,1.59879275653923,-0.957266184662227
"2011-03-22",2011-03-22,0.0857142857142857,3002800,-0.474654377880186,2280,0.0986842105263158,2055,2280,2333,1.78652450090744,-0.482310678479658
"2011-03-23",2011-03-23,-0.0425438596491228,2037800,-0.497004608294932,2183,0.0586349060925332,2055,2280,2336,-1.04708737864078,-0.831306604636115
"2011-03-24",2011-03-24,-0.0105359596885021,1496000,-0.502304147465439,2160,0.0486111111111112,2055,2280,0,-1.01066295781178,-0.917008865192042
"2011-03-25",2011-03-25,-0.0337962962962963,2508000,-0.519124423963135,2087,0.0153330138955439,2055,2280,0,-1.03348623853211,-1.19720531818539
"2011-03-28",2011-03-28,-0.0153330138955438,1119900,-0.526497695852536,2055,0,2055,2183,2339,-1.01420328450954,-1.32419987441607
"2011-03-29",2011-03-29,0.0048661800486618,2021700,-0.524193548387098,2065,0.00484261501210659,2055,2065,2339,-0.995623632385121,-1.28422856700288
"2011-03-30",2011-03-30,0.0334140435835351,1337300,-0.508294930875577,2134,0.0370196813495782,0,2134,0,7.64456419868782,-1.0153448669687
"2011-03-31",2011-03-31,0.00609184629803187,1067800,-0.505299539170508,2147,0.0428504890544946,0,2147,0,1.15750561572521,-0.965980594542526
"2011-04-01",2011-04-01,-0.0153702841173731,1337300,-0.512903225806453,2114,0.0279091769157994,2055,2147,2343,-1.01504787961696,-1.09207308460116
"2011-04-04",2011-04-04,0.00709555345316935,1053200,-0.509447004608296,2129,0.0347581023954908,2055,2147,0,1.24540048244182,-1.03443717084405
"2011-04-05",2011-04-05,-0.00422733677782997,1116800,-0.51152073732719,2120,0.0306603773584906,2055,2147,0,-1.00407055630936,-1.06895367197634
"2011-04-06",2011-04-06,-0.00330188679245283,1082000,-0.513133640552997,2113,0.0274491244675816,2055,2147,0,-1.00315315315315,-1.09593481592178
"2011-04-07",2011-04-07,-0.00141978230004733,804400,-0.513824884792628,2110,0.0260663507109005,2055,2147,0,-1.00134710372699,-1.10753464328019
"2011-04-08",2011-04-08,0.00663507109004739,2170200,-0.510599078341015,2124,0.0324858757062146,2055,2147,0,1.24627632254751,-1.05358902670504
"2011-04-11",2011-04-11,0.0160075329566855,886600,-0.502764976958527,2158,0.0222428174235403,2110,2158,2343,-0.984657039711191,-1.06706214227381
"2011-04-12",2011-04-12,-0.0236329935125116,1099400,-0.514516129032259,2107,0,0,2158,2350,-1.02337305224565,-1.25718786832663
"2011-04-13",2011-04-13,0.00664451827242525,772400,-0.511290322580646,2121,0.00660066006600657,2107,2121,2350,-0.993730407523511,-1.20222917686384
"2011-04-14",2011-04-14,0.0033003300330033,727800,-0.50967741935484,2128,0.00986842105263153,0,2128,0,1.49506578947368,-1.17493198737019
"2011-04-15",2011-04-15,-0.00281954887218045,559000,-0.511059907834103,2122,0.00706880301602264,2107,2128,2353,-1.00271247739602,-1.19832219597245
"2011-04-18",2011-04-18,0.00377002827521206,578600,-0.509216589861752,2130,0.00375586854460097,2122,2130,2353,-0.996393146979261,-1.2065416510122
"2011-04-19",2011-04-19,-0.0197183098591549,893100,-0.518894009216591,2088,0,0,2130,2355,-1.01900452488688,-1.28167302439777
"2011-04-20",2011-04-20,0.00957854406130268,791600,-0.514285714285716,2108,0.00948766603415563,2088,2108,2355,-0.991119005328597,-1.2028353701749
"2011-04-21",2011-04-21,0.00332068311195446,665800,-0.512672811059909,2115,0.0127659574468085,0,2115,0,1.34553191489361,-1.17547928479695
"2011-04-22",2011-04-22,-0.000472813238770686,466000,-0.512903225806453,2114,0.0122989593188269,2088,2115,2358,-1.00044943820225,-1.17937986278442
"2011-04-25",2011-04-25,0.0127719962157048,819200,-0.506682027649771,2141,0.0126109294722092,2114,2141,2358,1.0253655732404,-1.14284034160623
"2011-04-26",2011-04-26,-0.0149462867818776,850900,-0.514055299539172,2109,0,0,2141,2360,-1.01455206912233,-1.25461048347704
"2011-04-27",2011-04-27,-0.00237079184447606,1005600,-0.515207373271891,2104,0,2104,2109,2361,-1.0022411474675,-1.26105394560102
"2011-04-28",2011-04-28,0.0209125475285171,1154100,-0.505069124423964,2148,0.0204841713221602,2104,2148,2361,-0.980322003577818,-1.08978504248574
"2011-05-02",2011-05-02,0.00977653631284916,623900,-0.500230414746545,2169,0.0299677270631628,0,2169,0,1.46296994844712,-1.00968168439991
"2011-05-06",2011-05-06,0,699500,-0.500230414746545,2169,0.0299677270631628,0,2169,0,-1,-1.00968168439991
"2011-05-09",2011-05-09,-0.00829875518672199,551800,-0.504377880184333,2151,0.0218503021850303,2104,2169,2365,-1.00829111008752,-1.07827829758625
"2011-05-10",2011-05-10,0.00650860065086007,609100,-0.50115207373272,2165,0.028175519630485,2104,2169,0,1.28947963245049,-1.02486013607606
"2011-05-11",2011-05-11,0.0124711316397229,757800,-0.494930875576038,2192,0.0187043795620438,2151,2192,2365,-0.987586206896552,-1.04303681784464
"2011-05-12",2011-05-12,-0.0260036496350365,854800,-0.508064516129033,2135,0,0,2192,2368,-1.02653631284916,-1.22110448043232
"2011-05-13",2011-05-13,0.039344262295082,2580700,-0.488709677419356,2219,0.0378548895899053,2135,2219,2368,-0.961904761904762,-0.901134753710184
"2011-05-16",2011-05-16,-0.028391167192429,730400,-0.503225806451614,2156,0.00974025974025972,2135,2219,2370,-1.02970297029703,-1.13956539609971
"2011-05-17",2011-05-17,0.0217996289424861,1376600,-0.492396313364057,2203,0.0308669995460735,2135,2219,0,3.16901195339689,-0.960836578294167
"2011-05-18",2011-05-18,0.00136177939173854,956800,-0.491705069124425,2206,0.0321849501359928,2135,2219,0,1.04269772278812,-0.949599302053728
"2011-05-19",2011-05-19,0.00679963735267452,866600,-0.488248847926269,2221,0.0292660963529942,2156,2221,2370,-0.992970946579194,-0.946593846336877
"2011-05-20",2011-05-20,0.00990544799639802,945000,-0.483179723502306,2243,0.0387873383860901,0,2243,0,1.32533351623855,-0.864991019216388
"2011-05-23",2011-05-23,-0.0236290682122158,969600,-0.495391705069126,2190,0.0155251141552512,2156,2243,2375,-1.02527420123987,-1.06339559606254
"2011-05-24",2011-05-24,-0.0219178082191781,1384200,-0.506451612903227,2142,0,2142,2190,2376,-1.02232558139535,-1.21208363345874
"2011-05-25",2011-05-25,-0.0182072829131653,944200,-0.515437788018435,2103,0,2103,2142,2377,-1.01774340309372,-1.26234263802582
"2011-05-26",2011-05-26,0.0175939134569662,825100,-0.506912442396315,2140,0.0172897196261682,2103,2140,2377,-0.983459991059455,-1.11796091103082
"2011-05-27",2011-05-27,0.000467289719626168,748700,-0.506682027649771,2141,0.0177487155534797,0,2141,0,1.02654733201207,-1.11410508875252
"2011-05-30",2011-05-30,0.00467071461933676,804700,-0.504377880184333,2151,0.0223152022315202,0,2151,0,1.25728547309697,-1.07567814643627
"2011-05-31",2011-05-31,0.0130172013017201,1450900,-0.497926267281107,2179,0.0348783845800826,0,2179,0,1.56298760899496,-0.969329820352075
"2011-06-01",2011-06-01,0.00917852225791648,1029900,-0.493317972350232,2199,0.0436562073669849,0,2199,0,1.25166941911395,-0.894462266260599
"2011-06-02",2011-06-02,-0.00727603456116417,1489600,-0.497004608294932,2183,0.0366468163078333,2103,2199,2383,-1.00747314339094,-0.954284344413347
"2011-06-03",2011-06-03,-0.0128263857077416,862000,-0.503456221198158,2155,0.0241299303944316,2103,2199,0,-1.01298099211868,-1.06037373800219
"2011-06-06",2011-06-06,-0.0213457076566125,745500,-0.514055299539172,2109,0.00284495021337128,2103,2199,0,-1.02105263157895,-1.23869888995323
"2011-06-07",2011-06-07,0.00900900900900901,660700,-0.50967741935484,2128,0.0117481203007519,2103,2199,0,4.12946428571427,-1.16441897022053
"2011-06-08",2011-06-08,-0.0296052631578947,2033900,-0.524193548387098,2065,0,2065,2183,2387,-1.02848101265823,-1.3113129501681
"2011-06-09",2011-06-09,0.0150121065375303,1005800,-0.517050691244241,2096,0.0147900763358778,2065,2096,2387,-0.986373626373627,-1.18864369548023
"2011-06-10",2011-06-10,0.0119274809160305,3091800,-0.511290322580647,2121,0.0264026402640264,0,2121,0,1.7851591610774,-1.09147818431694
"2011-06-13",2011-06-13,-0.0141442715700141,776400,-0.51820276497696,2091,0.0124342419894787,2065,2121,2390,-1.01351960342497,-1.20826316270727
"2011-06-14",2011-06-14,0.0176948828311813,644700,-0.50967741935484,2128,0.0173872180451128,2091,2128,2390,1.39833357432041,-1.13287991877155
"2011-06-15",2011-06-15,-0.0075187969924812,540000,-0.513364055299541,2112,0.00994318181818177,2091,2128,2392,-1.00723327305606,-1.19513293480303
"2011-06-16",2011-06-16,-0.0160984848484848,554900,-0.521198156682029,2078,0,2078,2112,2393,-1.01526032315978,-1.29455994864574
"2011-06-17",2011-06-17,-0.00288739172281039,1133700,-0.522580645161292,2072,0,2072,2078,2394,-1.0026525198939,-1.30229210319453
"2011-06-20",2011-06-20,-0.00337837837837838,685200,-0.524193548387098,2065,0,2065,2072,2395,-1.00308641975309,-1.31131295016811
"2011-06-21",2011-06-21,0.0198547215496368,1277900,-0.514746543778803,2106,0.0194681861348528,2065,2106,2395,-0.981978021978022,-1.14959245340653
"2011-06-22",2011-06-22,0.0389363722697056,1437800,-0.495852534562214,2188,0.0562157221206582,0,2188,0,2.88756855575869,-0.838393457327088
"2011-06-23",2011-06-23,0.00776965265082267,1263700,-0.491935483870969,2205,0.0634920634920635,0,2205,0,1.12943605626532,-0.775789653641382
"2011-06-24",2011-06-24,0.0240362811791383,1136300,-0.479723502304149,2258,0.0854738706820195,0,2258,0,1.34621346324181,-0.584546353431898
"2011-06-27",2011-06-27,-0.0252435783879539,848300,-0.492857142857145,2201,0.0617900954111767,2065,2258,2400,-1.02737752161383,-0.790463403379758
"2011-06-28",2011-06-28,0.0109041344843253,717700,-0.487327188940094,2225,0.0719101123595506,2065,2258,0,1.16378056840714,-0.702934288142625
"2011-06-29",2011-06-29,0.0310112359550562,957700,-0.471428571428573,2294,0.0405405405405406,2201,2294,2400,-0.967375886524823,-0.789462177175339
"2011-06-30",2011-06-30,0.033129904097646,2193100,-0.453917050691246,2370,0.0713080168776371,0,2370,0,1.75893108298171,-0.519441361494681
"2011-07-01",2011-07-01,-0.00632911392405063,888500,-0.457373271889403,2355,0.0653927813163482,2201,2370,2404,-1.00761421319797,-0.571855217449491
"2011-07-04",2011-07-04,-0.00424628450106157,825200,-0.45967741935484,2345,0.061407249466951,2201,2370,0,-1.00503778337531,-0.607032922908936
"2011-07-05",2011-07-05,0.000852878464818763,631800,-0.459216589861753,2347,0.0622070728589689,2201,2370,0,1.01302490176585,-0.599982185715668
"2011-07-06",2011-07-06,0.0225820195994887,1128900,-0.447004608294933,2400,0.0229166666666667,2345,2400,2404,-0.973406924234822,-0.75142978711154
"2011-07-07",2011-07-07,-0.0166666666666667,1110600,-0.456221198156684,2360,0.00635593220338981,2345,2400,2408,-1.02061855670103,-0.895600431948656
"2011-07-08",2011-07-08,0.0389830508474576,2619000,-0.435023041474656,2452,0.0375203915171288,2360,2452,2408,5.90320826536162,-0.602740241407536
"2011-07-11",2011-07-11,-0.0142740619902121,1476300,-0.443087557603688,2417,0.0235829540753,2360,2452,2410,-1.01853813559322,-0.725795520302696
"2011-07-12",2011-07-12,-0.000413736036408771,1080400,-0.443317972350232,2416,0.0231788079470199,2360,2452,0,-1.00052002080083,-0.729344571761964
"2011-07-13",2011-07-13,-0.00165562913907285,750700,-0.444239631336407,2412,0.021558872305141,2360,2452,0,-1.002079002079,-0.743559520211262
"2011-07-14",2011-07-14,-0.000829187396351575,583700,-0.444700460829495,2410,0.020746887966805,2360,2452,0,-1.00103734439834,-0.75067827266672
"2011-07-15",2011-07-15,-0.0020746887966805,904300,-0.445852534562214,2405,0.0187110187110187,2360,2452,0,-1.00259067357513,-0.768508199099795
"2011-07-19",2011-07-19,0.00207900207900208,648700,-0.444700460829495,2410,0.020746887966805,2360,2452,0,1.10880590133703,-0.75067827266672
"2011-07-20",2011-07-20,0.0244813278008299,946200,-0.431105990783412,2469,0.0259214256784123,2405,2469,2410,1.24941271769947,-0.645704617633342
"2011-07-21",2011-07-21,-0.00891049007695423,1668700,-0.436175115207375,2447,0.0171638741315897,2405,2469,2417,-1.01175841795831,-0.723036181046484
"2011-07-22",2011-07-22,0.00326930935839804,1082400,-0.434331797235025,2455,0.0203665987780041,2405,2469,0,1.186596838328,-0.694814042509144
"2011-07-25",2011-07-25,-0.0122199592668024,818600,-0.441244239631338,2425,0.00824742268041234,2405,2469,0,-1.0159151193634,-0.801256459726832
"2011-07-26",2011-07-26,0.00907216494845361,644400,-0.436175115207375,2447,0.0171638741315897,2405,2469,0,2.08111973845526,-0.723036181046484
"2011-07-27",2011-07-27,-0.00367797302819779,833500,-0.438248847926269,2438,0.0135356849876949,2405,2469,0,-1.00475435816165,-0.754926603085787
"2011-07-28",2011-07-28,-0.0188679245283019,855800,-0.448847926267283,2392,0,2392,2455,2422,-1.02418506834911,-0.889910527259511
"2011-07-29",2011-07-29,0.00668896321070234,1204700,-0.445161290322583,2408,0.00664451827242529,2392,2408,2422,-0.991786447638604,-0.83212915528257
"2011-08-01",2011-08-01,0.0215946843853821,1020600,-0.433179723502306,2460,0.0276422764227642,0,2460,0,4.16016260162598,-0.647678260094431
"2011-08-02",2011-08-02,-0.0142276422764228,631400,-0.441244239631339,2425,0.0136082474226804,2392,2460,2425,-1.0186170212766,-0.771273768342485
"2011-08-03",2011-08-03,-0.0131958762886598,1103500,-0.448617511520739,2393,0.000417885499373161,2392,2460,0,-1.01671018276762,-0.886284632526475
"2011-08-04",2011-08-04,0.0125365649811952,1684300,-0.441705069124426,2423,0.012794056954189,2392,2460,0,30.6161782913751,-0.778404859518715
"2011-08-05",2011-08-05,-0.0482872472141973,1790400,-0.468663594470048,2306,0,2306,2425,2428,-1.06103286384976,-1.00073807579205
"2011-08-08",2011-08-08,-0.0351257588898526,1816200,-0.487327188940094,2225,0,2225,2306,2429,-1.03982300884956,-1.1051221622006
"2011-08-09",2011-08-09,-0.0143820224719101,2098400,-0.494700460829495,2193,0,2193,2225,2430,-1.01513002364066,-1.1463603197941
"2011-08-10",2011-08-10,0.0410396716826265,1392000,-0.473963133640555,2283,0.0394218134034166,2193,2283,2430,-0.958081043316256,-0.809894750959801
"2011-08-11",2011-08-11,-0.0105124835742444,1100500,-0.479493087557606,2259,0.0292164674634794,2193,2283,2432,-1.01166747690812,-0.897901104857622
"2011-08-12",2011-08-12,0.0340858787073927,1933000,-0.461751152073735,2336,0.0329623287671232,2259,2336,2432,1.12821061643836,-0.777721466353519
"2011-08-15",2011-08-15,0.00684931506849315,1206800,-0.458064516129034,2352,0.0395408163265306,0,2352,0,1.19957593426981,-0.720309399210345
"2011-08-16",2011-08-16,-0.0182823129251701,1625000,-0.467972350230417,2309,0.021654395842356,2259,2352,2435,-1.02162977867203,-0.875760583974161
"2011-08-17",2011-08-17,-0.00173235166738848,1105900,-0.468894009216592,2305,0.0199566160520608,2259,2352,0,-1.00196947316593,-0.890410908916862
"2011-08-18",2011-08-18,-0.00303687635574837,885600,-0.470506912442398,2298,0.0169712793733682,2259,2352,0,-1.0034398034398,-0.916128520403161
"2011-08-19",2011-08-19,-0.015230635335074,863500,-0.478571428571431,2263,0.00176756517896592,2259,2352,0,-1.01714005876592,-1.04626599036124
"2011-08-22",2011-08-22,-0.0154661953159523,1024300,-0.486635944700463,2228,0,2228,2309,2439,-1.01685122773231,-1.10125608492621
"2011-08-23",2011-08-23,0.0269299820466786,1362800,-0.472811059907836,2288,0.0262237762237763,2228,2288,2439,-0.97159090909091,-0.877266922560281
"2011-08-24",2011-08-24,0.0118006993006993,1002000,-0.466589861751154,2315,0.0375809935205184,0,2315,0,1.43308855291577,-0.778952161137418
"2011-08-25",2011-08-25,0.0107991360691145,988200,-0.46082949308756,2340,0.0478632478632479,0,2340,0,1.27360251498183,-0.689226971876605
"2011-08-26",2011-08-26,-0.014957264957265,1015600,-0.468894009216592,2305,0.0334056399132321,2228,2340,2443,-1.0175,-0.81519152547557
"2011-08-29",2011-08-29,0.006941431670282,735800,-0.465207373271891,2321,0.040068935803533,2228,2340,0,1.19946619515771,-0.75730513168785
"2011-08-30",2011-08-30,0.020680741059888,1018800,-0.45414746543779,2369,0.02701561840439,2305,2369,2443,-0.976225854383358,-0.768454122125834
"2011-08-31",2011-08-31,0.0109750949767835,665300,-0.448156682027652,2395,0.0375782881002088,0,2395,0,1.39098382045929,-0.675871898366882
"2011-09-01",2011-09-01,0,958300,-0.448156682027652,2395,0.0375782881002088,0,2395,0,-1,-0.675871898366882
"2011-09-02",2011-09-02,0.00490605427974948,1075700,-0.445449308755762,2406.75,0.0422769294692013,0,2406.75,0,1.12503606754152,-0.634450613016007
"2011-09-05",2011-09-05,-0.0125272263425782,1093400,-0.452396290783412,2376.600098,0.0301271122812181,2305,2406.75,2449,-1.01559544911419,-0.741257581129822
"2011-09-06",2011-09-06,-0.00993019314434106,916600,-0.457834101382491,2353,0.0203994900127497,2305,2406.75,0,-1.01202001587958,-0.826076711625277
"2011-09-07",2011-09-07,0.0140841024224395,1043800,-0.450198181336408,2386.139893,0.0340046672192325,2305,2406.75,0,1.66693712430946,-0.707276845148174
"2011-09-08",2011-09-08,0.00036045958685121,977400,-0.450000000000002,2387,0.0343527440301634,2305,2406.75,0,1.01023614813481,-0.704221664231955
"2011-09-09",2011-09-09,-0.00293255131964809,3249400,-0.451612903225809,2380,0.0315126050420168,2305,2406.75,0,-1.00358422939068,-0.729127195906907
"2011-09-12",2011-09-12,-0.0205882352941176,976500,-0.462903225806454,2331,0.0111540111540112,2305,2406.75,0,-1.025,-0.906137215959733
"2011-09-13",2011-09-13,0.00386100386100386,765500,-0.46082949308756,2340,0.0149572649572649,2305,2406.75,0,1.34097633136094,-0.873267670388844
"2011-09-14",2011-09-14,-0.00641025641025641,771100,-0.464285714285716,2325,0.00860215053763436,2305,2406.75,0,-1.0075,-0.928141735861821
"2011-09-15",2011-09-15,0.0176344086021505,588700,-0.454838709677422,2366,0.025781910397295,2305,2406.75,0,2.99714708368557,-0.779220235908316
"2011-09-16",2011-09-16,0.010989010989011,509900,-0.448847926267283,2392,0.0363712374581939,2305,2406.75,0,1.41072701354241,-0.686488919502479
"2011-09-20",2011-09-20,-0.0112876254180602,595700,-0.455069124423965,2365,0.0253699788583509,2305,2406.75,0,-1.01386036960986,-0.782812830586484
"2011-09-21",2011-09-21,0,587500,-0.455069124423965,2365,0.0253699788583509,2305,2406.75,0,-1,-0.782812830586484
"2011-09-22",2011-09-22,0.00253699788583509,929600,-0.453686635944703,2371,0.027836355967946,2305,2406.75,0,1.09721636440321,-0.76128641353713
"2011-09-26",2011-09-26,0.0143399409531843,1719200,-0.445852534562214,2405,0.0415800415800416,2305,2406.75,0,1.4937314937315,-0.640603466543028
"2011-09-27",2011-09-27,0.0253638253638254,1213300,-0.431797235023044,2466,0.0571776155717761,2325,2466,2449,1.37512165450122,-0.474757165184543
"2011-09-28",2011-09-28,0.00527169505271695,1170000,-0.428801843317975,2479,0.0621218233158531,0,2479,0,1.08647103756662,-0.430351579953945
"2011-09-29",2011-09-29,-0.00564743848325938,1235600,-0.432027649769587,2465,0.0567951318458418,2325,2479,2465,-1.00752283718431,-0.478185060449492
"2011-09-30",2011-09-30,0.00365111561866126,846900,-0.429953917050694,2474,0.0602263540824576,2325,2479,0,1.0604140200947,-0.447396259574433
"2011-10-03",2011-10-03,-0.0149555375909458,1044300,-0.438479262672813,2437,0.0459581452605663,2325,2479,0,-1.01982851018221,-0.574878902880913
"2011-10-04",2011-10-04,0,1731700,-0.438479262672813,2437,0.0459581452605663,2325,2479,0,-1,-0.574878902880913
"2011-10-05",2011-10-05,0.0303652031185884,1663100,-0.421428571428574,2511,0.0294703305455993,2437,2511,2465,-0.961114030478193,-0.571730776598849
"2011-10-06",2011-10-06,0.0242931103146157,1119300,-0.407373271889403,2572,0.05248833592535,0,2572,0,1.78105691227776,-0.364382558102239
"2011-10-07",2011-10-07,-0.0101088646967341,757100,-0.413364055299541,2546,0.0428122545168892,2437,2572,2471,-1.01470588235294,-0.452006159954519
"2011-10-11",2011-10-11,0.00981932443047918,995300,-0.407603686635947,2571,0.0521197977440685,2437,2572,0,1.21740371611375,-0.367732456980138
"2011-10-12",2011-10-12,-0.0342279268767017,836200,-0.427880184331799,2483,0.0185259766411598,2437,2572,0,-1.04974561899378,-0.669025116407076
"2011-10-13",2011-10-13,-0.0100684655658478,922500,-0.433640552995394,2458,0.00854353132628149,2437,2572,0,-1.01346257404416,-0.757073496223732
"2011-10-14",2011-10-14,0.00895036615134255,1318400,-0.428571428571431,2480,0.0173387096774194,2437,2572,0,2.02945468509985,-0.679531488911413
"2011-10-17",2011-10-17,0.0181451612903226,820600,-0.418202764976961,2525,0.0348514851485149,2437,2572,0,2.01003914344923,-0.52359268787897
"2011-10-18",2011-10-18,-0.0253465346534653,764800,-0.432949308755763,2461,0.00975213327915481,2437,2572,0,-1.03526170798898,-0.746447798722662
"2011-10-19",2011-10-19,0.020723283218204,948500,-0.42119815668203,2512,0.0298566878980892,2437,2572,0,3.06155453821656,-0.568281216430617
"2011-10-20",2011-10-20,-0.0246815286624204,1016600,-0.435483870967744,2450,0.00530612244897954,2437,2572,0,-1.03391684901532,-0.785489621067396
"2011-10-21",2011-10-21,0.00448979591836735,516500,-0.432949308755763,2461,0.00975213327915481,2437,2572,0,1.8379020410715,-0.746447798722662
"2011-10-24",2011-10-24,0.0146281999187322,772700,-0.424654377880186,2497,0.0240288346015218,2437,2572,0,2.46395674809772,-0.620206349921705
"2011-10-25",2011-10-25,-0.0324389267120545,735100,-0.443317972350233,2416,0,2416,2571,2482,-1.04395008138904,-0.858981909064386
"2011-10-26",2011-10-26,-0.0198675496688742,642000,-0.454377880184334,2368,0,2368,2416,2483,-1.02494802494802,-0.920839145454638
"2011-10-27",2011-10-27,0.00337837837837838,871200,-0.452534562211984,2376,0.00336700336700335,2368,2376,2483,-0.995943204868154,-0.891698208333641
"2011-10-28",2011-10-28,0.0151515151515152,970700,-0.444239631336408,2412,0.0182421227197347,0,2412,0,5.41791044776123,-0.762109852296234
"2011-10-31",2011-10-31,-0.00497512437810945,872400,-0.447004608294933,2400,0.0133333333333333,2368,2412,2486,-1.00622406639004,-0.805028652879555
"2011-11-01",2011-11-01,-0.0404166666666667,1706400,-0.469354838709679,2303,0,2303,2400,2487,-1.05,-1.00460415306644
"2011-11-02",2011-11-02,-0.0173686495874946,1188700,-0.478571428571431,2263,0,2263,2303,2488,-1.01963672066765,-1.05615185005832
"2011-11-04",2011-11-04,0.0291648254529386,1045900,-0.463364055299541,2329,0.0283383426363246,2263,2329,2488,-0.968223399133366,-0.812603921529304
"2011-11-07",2011-11-07,0.0004293688278231,441000,-0.463133640552997,2330,0.0287553648068669,0,2330,0,1.01471582780595,-0.808982855329775
"2011-11-08",2011-11-08,-0.0175965665236051,673200,-0.472580645161292,2289,0.0113586719091306,2263,2330,2491,-1.02039800995025,-0.959117645522077
"2011-11-09",2011-11-09,0.0126692878986457,767400,-0.465898617511523,2318,0.0237273511647972,2263,2330,0,2.08891949293156,-0.852568468247967
"2011-11-10",2011-11-10,-0.0353753235547886,2337700,-0.484792626728113,2236,0,2236,2318,2493,-1.04055390702275,-1.09094654552783
"2011-11-11",2011-11-11,0.0129695885509839,1558900,-0.478110599078343,2265,0.01280353200883,2236,2265,2493,-0.986216730038023,-0.98196526936548
"2011-11-14",2011-11-14,0,773100,-0.478110599078343,2265,0.01280353200883,0,2265,0,-1,-0.98196526936548
"2011-11-15",2011-11-15,0.00397350993377483,445400,-0.476036866359449,2274,0.0167106420404574,0,2274,0,1.30515876626331,-0.948514863685677
"2011-11-16",2011-11-16,-0.000879507475813544,712900,-0.476497695852537,2272,0.0158450704225352,2236,2274,2497,-1.00096805421104,-0.955933325783438
"2011-11-17",2011-11-17,0.0162852112676056,997100,-0.467972350230417,2309,0.0160242529233434,2272,2309,2497,1.01130840671767,-0.907249551755469
"2011-11-18",2011-11-18,-0.00043308791684712,965600,-0.46820276497696,2308,0.0155979202772963,2272,2309,2499,-1.00049236829148,-0.910922690747361
"2011-11-21",2011-11-21,0.0164644714038128,932700,-0.459447004608297,2346,0.0161977834612106,2308,2346,2499,1.03845789523539,-0.85859738873303
"2011-11-22",2011-11-22,-0.0225916453537937,824500,-0.471658986175117,2293,0,0,2346,2501,-1.02657973921765,-1.01749107731441
"2011-11-24",2011-11-24,-0.0427387701700829,833000,-0.494239631336407,2195,0,2195,2293,2502,-1.04787493893503,-1.14378293494451
"2011-11-25",2011-11-25,-0.00728929384965831,634400,-0.497926267281108,2179,0,2179,2195,2503,-1.00745920745921,-1.16440201374126
"2011-11-28",2011-11-28,0.00321248279027077,734500,-0.496313364055301,2186,0.0032021957913998,2179,2186,2503,-0.996760758907913,-1.13747152547521
"2011-11-29",2011-11-29,0.00823421774931381,1157500,-0.492165898617513,2204,0.0113430127041743,0,2204,0,3.54226082447501,-1.06874408239063
"2011-11-30",2011-11-30,-0.00453720508166969,1040300,-0.494470046082951,2194,0.00683682771194161,2179,2204,2506,-1.00468164794008,-1.10683376189333
"2011-12-01",2011-12-01,0.036918869644485,1026500,-0.475806451612905,2275,0.0356043956043957,2194,2275,2506,5.20773626373631,-0.841554822273669
"2011-12-02",2011-12-02,0.0127472527472527,917400,-0.469124423963136,2304,0.0477430555555556,0,2304,0,1.34093149862826,-0.736292125746652
"2011-12-05",2011-12-05,0.0143229166666667,649200,-0.461520737327191,2337,0.0611895592640137,0,2337,0,1.2816431322208,-0.618559987312486
"2011-12-06",2011-12-06,-0.0115532734274711,642400,-0.467741935483873,2310,0.0502164502164503,2194,2337,2510,-1.01347978032951,-0.714726460058328
"2011-12-07",2011-12-07,0.0103896103896104,650300,-0.462211981566822,2334,0.0599828620394173,2194,2337,0,1.19448630440564,-0.629175031810923
"2011-12-08",2011-12-08,0.00685518423307626,707300,-0.458525345622122,2350,0.0170212765957447,2310,2350,2510,-0.992023928215354,-0.848836883592579
"2011-12-09",2011-12-09,-0.0195744680851064,3870700,-0.469124423963136,2304,0,0,2350,2513,-1.02311557788945,-1.00331546064164
"2011-12-12",2011-12-12,0.0147569444444444,819500,-0.461290322580647,2338,0.0145423438836613,2304,2338,2513,-0.983300589390963,-0.878165677735314
"2011-12-13",2011-12-13,-0.0209580838323353,985800,-0.472580645161292,2289,0,0,2338,2515,-1.02447552447552,-1.0226458470136
"2011-12-14",2011-12-14,-0.000873743993010048,827500,-0.47304147465438,2287,0,2287,2289,2516,-1.00097513408094,-1.02522323186319
"2011-12-15",2011-12-15,0.000874508089199825,805900,-0.472580645161292,2289,0.000873743993010101,2287,2289,2516,-0.999025815879201,-1.01775906228348
"2011-12-16",2011-12-16,-0.0135430318916557,1054400,-0.479723502304149,2258,0,0,2289,2518,-1.01511457825451,-1.0625953121823
"2011-12-19",2011-12-19,-0.00310008857395926,675400,-0.481336405529956,2251,0,2251,2258,2519,-1.00336215177714,-1.07161615915588
"2011-12-20",2011-12-20,0.0306530430919591,952100,-0.465437788018435,2320,0.0297413793103448,2251,2320,2519,-0.96696984202968,-0.81635507428899
"2011-12-21",2011-12-21,0.0107758620689655,771900,-0.459677419354841,2345,0.0400852878464819,0,2345,0,1.34779518556287,-0.726285057740892
"2011-12-22",2011-12-22,-0.0123667377398721,678500,-0.46635944700461,2316,0.0280656303972366,2251,2345,2522,-1.01453634085213,-0.830882182185177
"2011-12-26",2011-12-26,0.0155440414507772,494700,-0.458064516129034,2352,0.0153061224489796,2316,2352,2522,-0.982213438735178,-0.855852227461307
"2011-12-27",2011-12-27,-0.00552721088435374,330100,-0.461059907834103,2339,0.00983326207781099,2316,2352,2524,-1.00653923541247,-0.903214527251632
"2011-12-28",2011-12-28,0.00342026507054297,685300,-0.459216589861753,2347,0.0132083510864934,2316,2352,0,1.34323187788297,-0.874028367742148
"2011-12-29",2011-12-29,-0.0063911376224968,478800,-0.46267281105991,2332,0.00686106346483706,2316,2352,0,-1.00752634219769,-0.928858658520097
"2011-12-30",2011-12-30,0.00728987993138937,415100,-0.458755760368665,2349,0.0140485312899106,2316,2352,0,2.04757343550446,-0.866751917924494
"2012-01-04",2012-01-04,0.00127713920817369,601900,-0.458064516129034,2352,0.00850340136054417,2332,2352,2524,-0.998493219487695,-0.893899337145788
"2012-01-05",2012-01-05,-0.00170068027210884,698100,-0.458986175115209,2348,0.00681431005110733,2332,2352,2529,-1.00201207243461,-0.90850106806561
"2012-01-06",2012-01-06,-0.0132027257240204,470900,-0.466129032258066,2317,0,2317,2348,2530,-1.01556224899598,-0.98656245911928
"2012-01-10",2012-01-10,0.00302114803625378,513300,-0.46451612903226,2324,0.00301204819277112,2317,2324,2530,-0.996539792387543,-0.960695452134802
"2012-01-11",2012-01-11,0.00602409638554217,645300,-0.461290322580647,2338,0.00898203592814373,0,2338,0,2.98203592814368,-0.909264063794784
"2012-01-12",2012-01-12,-0.00684345594525235,489800,-0.464976958525347,2322,0.00215331610680447,2317,2338,2533,-1.00799200799201,-0.968075661242456
"2012-01-13",2012-01-13,0.0426356589147287,2239200,-0.442165898617513,2421,0.0408921933085502,2322,2421,2533,18.9903345724908,-0.623831471625137
"2012-01-16",2012-01-16,-0.000413052457662123,1083700,-0.442396313364057,2420,0.040495867768595,2322,2421,2535,-1.00052110474205,-0.627336783119481
"2012-01-17",2012-01-17,0.0214876033057851,1066400,-0.430414746543781,2472,0.0210355987055016,2420,2472,2535,-0.972916666666667,-0.669164604785395
"2012-01-18",2012-01-18,0,787600,-0.430414746543781,2472,0.0210355987055016,0,2472,0,-1,-0.669164604785395
"2012-01-19",2012-01-19,-0.00202265372168285,688200,-0.4315668202765,2467,0.0190514795297932,2420,2472,2538,-1.00267665952891,-0.686705096895453
"2012-01-20",2012-01-20,0.00486420753952169,904800,-0.428801843317974,2479,0.00484066155707952,2467,2479,2538,-0.99359316604378,-0.750720828664652
"2012-01-23",2012-01-23,-0.00968132311415893,837600,-0.434331797235025,2455,0,0,2479,2540,-1.01289629231596,-0.808722904497304
"2012-01-24",2012-01-24,0.0105906313645621,603800,-0.428341013824887,2481,0.0104796453043128,2455,2481,2540,-0.986206896551724,-0.71660502994348
"2012-01-25",2012-01-25,0.00443369609028618,612300,-0.425806451612905,2492,0.0148475120385233,0,2492,0,1.41679528336832,-0.678000261676329
"2012-01-26",2012-01-26,0.000401284109149278,471000,-0.425576036866361,2493,0.0152426795026073,0,2493,0,1.02661506271614,-0.674501427213621
"2012-01-27",2012-01-27,0.0072202166064982,1155700,-0.421428571428573,2511,0.0223018717642374,0,2511,0,1.46312016600642,-0.611823429814751
"2012-01-30",2012-01-30,-0.00876144962166468,605600,-0.426497695852536,2489,0.0136601044596223,2455,2511,2545,-1.01202843083652,-0.688507420630731
"2012-01-31",2012-01-31,0.0233025311370028,1151700,-0.413133640552997,2547,0.0227718884962701,2489,2547,2545,1.66703619021225,-0.562801734132955
"2012-02-01",2012-02-01,-0.0094228504122497,861800,-0.418663594470048,2523,0.0134760206103844,2489,2547,2547,-1.01338538761852,-0.64572144537289
"2012-02-02",2012-02-02,0.00554894966309949,634000,-0.415437788018435,2537,0.0189199842333465,2489,2547,0,1.40397412413922,-0.597232070506803
"2012-02-03",2012-02-03,-0.0173433188805676,520800,-0.425576036866361,2493,0.00160449257922179,2489,2547,0,-1.02440377149196,-0.750778785498032
"2012-02-06",2012-02-06,0.0104292017649418,753200,-0.419585253456223,2519,0.0119094878920206,2489,2547,0,7.42258832870197,-0.659637715269586
"2012-02-07",2012-02-07,-0.00357284636760619,735200,-0.421658986175117,2510,0.00836653386454178,2489,2547,0,-1.00494233937397,-0.691051423684871
"2012-02-08",2012-02-08,-0.0183266932270916,1404200,-0.432258064516131,2464,0,2464,2537,2552,-1.02513661202186,-0.797124672674132
"2012-02-09",2012-02-09,-0.0137987012987013,1457400,-0.440092165898619,2430,0,2430,2464,2553,-1.0181236673774,-0.840940215117228
"2012-02-10",2012-02-10,-0.00411522633744856,1327100,-0.442396313364057,2420,0,2420,2430,2554,-1.00523560209424,-0.853827139365197
"2012-02-13",2012-02-13,0.00619834710743802,569000,-0.4389400921659,2435,0.00616016427104726,2420,2435,2554,-0.9921875,-0.800043415476084
"2012-02-14",2012-02-14,0.0053388090349076,946600,-0.435944700460831,2448,0.011437908496732,0,2448,0,1.85675381263615,-0.753772385677859
"2012-02-15",2012-02-15,-0.00735294117647059,1145900,-0.440092165898619,2430,0.00411522633744854,2420,2448,2557,-1.00951374207188,-0.817924062345134
"2012-02-16",2012-02-16,-0.011522633744856,891900,-0.446543778801845,2402,0,2402,2430,2558,-1.01465968586387,-0.877023603011541
"2012-02-17",2012-02-17,0.0149875104079933,894600,-0.438248847926269,2438,0.014766201804758,2402,2438,2558,-0.981424148606811,-0.748044414664597
"2012-02-20",2012-02-20,0.000820344544708778,696400,-0.437788018433182,2440,0.0155737704918033,0,2440,0,1.05469034608379,-0.74095035861618
"2012-02-21",2012-02-21,-0.00532786885245902,918400,-0.440783410138251,2427,0.0103007828594973,2402,2440,2561,-1.00684210526316,-0.787194785143795
"2012-02-22",2012-02-22,0.0197775030902349,1006400,-0.429723502304149,2475,0.0193939393939394,2427,2475,2561,1.88276363636364,-0.674480205119064
"2012-02-23",2012-02-23,-0.00404040404040404,1194300,-0.432027649769587,2465,0.0154158215010142,2427,2475,2563,-1.00536193029491,-0.709616444875091
"2012-02-24",2012-02-24,-0.00162271805273834,730500,-0.432949308755762,2461,0.0138155221454693,2427,2475,0,-1.00213333333333,-0.723721569045217
"2012-02-27",2012-02-27,0.000406338886631451,832100,-0.432718894009218,2462,0.0142160844841592,2427,2475,0,1.028993644574,-0.720192561452786
"2012-02-28",2012-02-28,0.0146222583265638,952500,-0.424423963133642,2498,0.0148118494795837,2461,2498,2563,1.04190781196386,-0.670467565149414
"2012-02-29",2012-02-29,0.010808646917534,1157100,-0.41820276497696,2525,0.0253465346534654,0,2525,0,1.71123360984747,-0.576753164301481
"2012-03-01",2012-03-01,0.00554455445544554,956600,-0.414976958525347,2539,0.0307207562032297,0,2539,0,1.21202983458054,-0.528653851628754
"2012-03-02",2012-03-02,0.0114218196140213,889400,-0.408294930875578,2568,0.0416666666666666,0,2568,0,1.35630341880342,-0.430062113677806
"2012-03-05",2012-03-05,-0.00817757009345794,683800,-0.413133640552997,2547,0.0337652139772281,2461,2568,2570,-1.01185101580135,-0.501316887858387
"2012-03-06",2012-03-06,0.00785237534354142,880400,-0.408525345622122,2567,0.041293338527464,2461,2568,0,1.22295503755175,-0.433438802431704
"2012-03-07",2012-03-07,-0.00662251655629139,814500,-0.412442396313366,2550,0.0349019607843137,2461,2568,0,-1.00958826847152,-0.491093070807454
"2012-03-08",2012-03-08,0.00313725490196078,1036700,-0.410599078341016,2558,0.0379202501954652,2461,2568,0,1.08647907863411,-0.463902464731097
"2012-03-09",2012-03-09,0.0226739640344019,3658100,-0.397235023041477,2616,0.0263761467889908,2547,2616,2570,-0.967452300785634,-0.453723610064598
"2012-03-12",2012-03-12,-0.00344036697247706,717200,-0.399308755760371,2607,0.0230149597238205,2547,2616,2575,-1.00522041763341,-0.484120709469744
"2012-03-13",2012-03-13,-0.000383582662063675,1059900,-0.399539170506914,2606,0.0226400613967767,2547,2616,0,-1.00057703404501,-0.487506180166666
"2012-03-14",2012-03-14,0.00652340752110514,626700,-0.39562211981567,2623,0.00648112847884097,2606,2623,2575,-0.990196078431373,-0.55597411083271
"2012-03-15",2012-03-15,0.00190621425848265,727300,-0.394470046082951,2628,0.00837138508371382,0,2628,0,1.29165547497538,-0.538958585053246
"2012-03-16",2012-03-16,-0.00951293759512938,540300,-0.400230414746546,2603,0,0,2628,2579,-1.01460280373832,-0.617996425627359
"2012-03-19",2012-03-19,0.000768344218209758,666900,-0.399769585253458,2605,0.000767754318618086,2603,2605,2579,-0.998848589522164,-0.611125048360399
"2012-03-21",2012-03-21,-0.00153550863723608,972200,-0.400691244239633,2601,0,0,2605,2581,-1.00230547550432,-0.620573810476952
"2012-03-22",2012-03-22,0.0115340253748558,759600,-0.39377880184332,2631,0.0114025085518814,2601,2631,2581,-0.982748706152962,-0.51813966118095
"2012-03-23",2012-03-23,-0.00494108703914861,646600,-0.396774193548389,2618,0.00649350649350644,2601,2631,2583,-1.00760678759508,-0.562348343647491
"2012-03-26",2012-03-26,-0.00763941940412529,554300,-0.401382488479264,2598,0,2598,2618,2584,-1.0116144018583,-0.624439887751343
"2012-03-27",2012-03-27,0.0223248652809854,905500,-0.388018433179725,2656,0.0218373493975904,2598,2656,2584,-0.966704936854191,-0.427561067034099
"2012-03-28",2012-03-28,-0.0150602409638554,683700,-0.397235023041477,2616,0.00688073394495414,2598,2656,2586,-1.02375296912114,-0.562759994355328
"2012-03-29",2012-03-29,0.00840978593272171,591300,-0.392165898617513,2638,0.0151630022744503,2598,2656,0,2.20368966388678,-0.488086654389205
"2012-03-30",2012-03-30,-0.000758150113722517,845100,-0.392626728110601,2636,0.0144157814871017,2598,2656,0,-1.00117508813161,-0.494843189153252
"2012-04-02",2012-04-02,0.00189681335356601,863400,-0.391474654377882,2641,0.0162817114729269,2598,2656,0,1.12943661691146,-0.477963720332632
"2012-04-03",2012-04-03,-0.0246118894358198,1065900,-0.406451612903228,2576,0,2576,2641,2590,-1.03825779870512,-0.652791121096875
"2012-04-04",2012-04-04,-0.0252329192546584,1423700,-0.421428571428573,2511,0,2511,2576,2591,-1.03684807256236,-0.736556128708676
"2012-04-05",2012-04-05,-0.01194743130227,1412200,-0.428341013824887,2481,0,2481,2511,2592,-1.01640240568617,-0.775216901452584
"2012-04-06",2012-04-06,-0.00201531640467553,822200,-0.429493087557606,2476,0,2476,2481,2593,-1.00268961807423,-0.781660363576568
"2012-04-09",2012-04-09,-0.00565428109854604,886200,-0.432718894009218,2462,0,2462,2476,2594,-1.00751072961373,-0.799702057523725
"2012-04-10",2012-04-10,0.00568643379366369,812400,-0.429493087557605,2476,0.00565428109854604,2462,2476,2594,-0.992545260915868,-0.750036392764507
"2012-04-11",2012-04-11,0.00565428109854604,1136500,-0.426267281105993,2490,0.0112449799196788,0,2490,0,1.98875502008033,-0.700726338922052
"2012-04-12",2012-04-12,-0.00240963855421687,729800,-0.427649769585255,2484,0.00885668276972629,2462,2490,2597,-1.00324324324324,-0.72181606060347
"2012-04-13",2012-04-13,0.00523349436392915,2238500,-0.424654377880186,2497,0.00520624749699639,2484,2497,2597,-0.992995689655172,-0.725479670230104
"2012-04-16",2012-04-16,-0.00800961153384061,576000,-0.429262672811062,2477,0,0,2497,2599,-1.01085187194791,-0.780371671151771
"2012-04-17",2012-04-17,0.0109002825999193,899900,-0.42304147465438,2504,0.0107827476038339,2477,2504,2599,-0.985507246376812,-0.685269875707132
"2012-04-18",2012-04-18,0.0159744408945687,545000,-0.413824884792629,2544,0.0263364779874213,0,2544,0,2.44246447705566,-0.546731329286898
"2012-04-19",2012-04-19,-0.0137578616352201,632400,-0.421889400921661,2509,0.0127540852929454,2477,2544,2602,-1.01948775055679,-0.667800869494579
"2012-04-20",2012-04-20,-0.00398565165404544,763900,-0.424193548387099,2499,0.00880352140856344,2477,2544,0,-1.00546149645003,-0.702783001743969
"2012-04-23",2012-04-23,-0.00040016006402561,719900,-0.424423963133642,2498,0.00840672538030429,2477,2544,0,-1.00054318305269,-0.706290944644169
"2012-04-24",2012-04-24,-0.0168134507606085,776700,-0.434101382488481,2456,0,2456,2509,2605,-1.0228013029316,-0.807434212072507
"2012-04-25",2012-04-25,0.010586319218241,761100,-0.428110599078343,2482,0.0104754230459307,2456,2482,2605,-0.98619957537155,-0.715339952293667
"2012-04-26",2012-04-26,0.0124899274778405,577600,-0.420967741935486,2513,0.0226820533227219,0,2513,0,2.16526370565367,-0.607119717975172
"2012-04-27",2012-04-27,-0.0198965380023876,1414300,-0.432488479262675,2463,0.00284206252537555,2456,2513,2608,-1.02736726874658,-0.78251792219786
"2012-05-01",2012-05-01,-0.000812017864393017,535700,-0.432949308755762,2461,0.00203169443315721,2456,2513,0,-1.00106553010123,-0.789627635109801
"2012-05-02",2012-05-02,0,444900,-0.432949308755762,2461,0.00203169443315721,2456,2513,0,-1,-0.789627635109801
"2012-05-07",2012-05-07,-0.0219422998780983,721300,-0.445391705069126,2407,0,2407,2463,2611,-1.02873869079297,-0.870580140887556
"2012-05-08",2012-05-08,0,741100,-0.445391705069126,2407,0,2407,2407,2611,-1,-0.870580140887556
"2012-05-09",2012-05-09,-0.00872455338595762,798400,-0.450230414746546,2386,0,0,2407,2613,-1.01086394205898,-0.897642681808292
"2012-05-10",2012-05-10,-0.00335289186923722,693200,-0.452073732718896,2378,0,2378,2386,2614,-1.00409416581372,-0.907952221206667
"2012-05-11",2012-05-11,-0.00504625735912532,883700,-0.454838709677421,2366,0,2366,2378,2615,-1.00611620795107,-0.92341653030423
"2012-05-14",2012-05-14,0.0135249366018597,773400,-0.44746543778802,2398,0.0133444537114262,2366,2398,2615,-0.983789260385005,-0.807543842287126
"2012-05-15",2012-05-15,-0.00333611342785655,1278400,-0.44930875576037,2390,0.0100418410041841,2366,2398,2617,-1.00411946446962,-0.836324647269418
"2012-05-16",2012-05-16,-0.0217573221757322,1170600,-0.461290322580647,2338,0,2338,2390,2618,-1.02666666666667,-0.959499918198544
"2012-05-17",2012-05-17,-0.00940975192472198,1066900,-0.46635944700461,2316,0,2316,2338,2619,-1.01098901098901,-0.987851151544076
"2012-05-18",2012-05-18,-0.0125215889464594,860100,-0.47304147465438,2287,0,2287,2316,2620,-1.01432806324111,-1.02522323186319
"2012-05-21",2012-05-21,-0.0069960647135986,766400,-0.47672811059908,2271,0,2271,2287,2621,-1.00779347296639,-1.04584231065994
"2012-05-22",2012-05-22,-0.00528401585204756,1020800,-0.479493087557605,2259,0,2259,2271,2622,-1.00579990333494,-1.0613066197575
"2012-05-23",2012-05-23,-0.0132802124833997,849500,-0.486405529953919,2229,0,2229,2259,2623,-1.01441614608361,-1.09996739250141
"2012-05-24",2012-05-24,0,826600,-0.486405529953919,2229,0,2229,2229,2623,-1,-1.09996739250141
"2012-05-25",2012-05-25,0.00314042171377299,659900,-0.484792626728112,2236,0.00313059033989271,0,2236,0,-0.996684036001895,-1.07343738816409
"2012-05-28",2012-05-28,-0.00581395348837209,531000,-0.487788018433181,2223,0,0,2236,2626,-1.00617870722433,-1.10769954705019
"2012-05-29",2012-05-29,-0.00224921277552856,698100,-0.4889400921659,2218,0,2218,2223,2627,-1.00236183278224,-1.11414300917417
"2012-05-30",2012-05-30,0.000901713255184851,847400,-0.488479262672813,2220,0.000900900900900892,2218,2220,2627,-0.999057492931197,-1.10652695304204
"2012-05-31",2012-05-31,-0.00990990990990991,996400,-0.493548387096776,2198,0,0,2220,2629,-1.01037735849057,-1.13991685767011
"2012-06-01",2012-06-01,0.00318471337579618,900700,-0.491935483870969,2205,0.00317460317460316,2198,2205,2629,-0.996732026143791,-1.11314069284378
"2012-06-04",2012-06-04,-0.00997732426303855,816800,-0.497004608294932,2183,0,0,2205,2631,-1.01030444964871,-1.15924724404207
"2012-06-05",2012-06-05,0.0151168117269812,875300,-0.489400921658988,2216,0.0148916967509025,2183,2216,2631,-0.984700973574409,-1.03343224913233
"2012-06-06",2012-06-06,0.0126353790613718,1349600,-0.482949308755762,2244,0.0271836007130125,0,2244,0,1.8254199751526,-0.928601162751228
"2012-06-07",2012-06-07,-0.0200534759358289,1669600,-0.493317972350232,2199,0.00727603456116421,2183,2244,2634,-1.02146946564885,-1.09793384874786
"2012-06-08",2012-06-08,-0.00136425648021828,3281100,-0.494009216589863,2196,0.00591985428051001,2183,2244,0,-1.0014012143858,-1.10938494078608
"2012-06-11",2012-06-11,0.00819672131147541,890500,-0.489861751152075,2214,0.0140018066847335,2183,2244,0,2.36522826766729,-1.04098672249026
"2012-06-12",2012-06-12,-0.011743450767841,701600,-0.495852534562213,2188,0.00228519195612431,2183,2244,0,-1.01222953904045,-1.14002287441438
"2012-06-13",2012-06-13,0.00959780621572212,681800,-0.491013824884794,2209,0.0117700316885468,2183,2244,0,5.15056586690811,-1.05991233506069
"2012-06-14",2012-06-14,-0.00497962879130828,895700,-0.493548387096776,2198,0.00682438580527756,2183,2244,0,-1.00516189582356,-1.10174857884651
"2012-06-15",2012-06-15,-0.00181983621474067,975100,-0.494470046082951,2194,0.00501367365542393,2183,2244,0,-1.00186741363212,-1.11703052602026
"2012-06-18",2012-06-18,0.00957155879671832,806500,-0.489631336405532,2215,0.0144469525959368,2183,2244,0,2.8815103632259,-1.03720836231502
"2012-06-19",2012-06-19,-0.0090293453724605,632600,-0.494239631336407,2195,0.00546697038724375,2183,2244,0,-1.00941176470588,-1.11320657891561
"2012-06-20",2012-06-20,0.0305239179954442,1113700,-0.478801843317974,2262,0.0327144120247569,2188,2262,2634,5.98401119952843,-0.874471285565435
"2012-06-21",2012-06-21,0.0163572060123784,997400,-0.470276497695854,2299,0.0482818616789908,0,2299,0,1.4758590691605,-0.739722085566115
"2012-06-22",2012-06-22,-0.0208786428882123,1133000,-0.481336405529956,2251,0.0279875610839627,2188,2299,2645,-1.02351788339049,-0.915083825620569
"2012-06-25",2012-06-25,-0.0146601510439805,838100,-0.4889400921659,2218,0.0135256988277728,2188,2299,0,-1.01579703207276,-1.03849478838582
"2012-06-26",2012-06-26,-0.00135256988277728,940300,-0.489631336405532,2215,0.0121896162528217,2188,2299,0,-1.0014137606032,-1.04983347546089
"2012-06-27",2012-06-27,0.0203160270880361,549900,-0.479262672811062,2260,0.031858407079646,2188,2299,0,2.61356932153393,-0.881836241978481
"2012-06-28",2012-06-28,0.0128318584070796,775700,-0.472580645161292,2289,0.0441240716470074,2188,2299,0,1.38500558225329,-0.775863218142696
"2012-06-29",2012-06-29,0.0257754477937964,1162700,-0.458986175115209,2348,0.0566439522998297,2215,2348,2645,1.28374264172584,-0.6298076100318
"2012-07-02",2012-07-02,-0.00638841567291312,483200,-0.462442396313366,2333,0.0505786540934419,2215,2348,2651,-1.00753012048193,-0.683060755124499
"2012-07-03",2012-07-03,0.0111444492070296,428900,-0.456451612903228,2359,0.0110216193302247,2333,2359,2651,-0.987045341305431,-0.870794285622834
"2012-07-04",2012-07-04,0.00678253497244595,583000,-0.452764976958527,2375,0.0176842105263157,0,2375,0,1.60450202429149,-0.812911833137065
"2012-07-05",2012-07-05,-0.00210526315789474,403100,-0.453917050691246,2370,0.0156118143459916,2333,2375,2654,-1.00254452926209,-0.830946051924076
"2012-07-06",2012-07-06,-0.00590717299578059,518800,-0.457142857142859,2356,0.00976230899830222,2333,2375,0,-1.00710659898477,-0.881703591291066
"2012-07-09",2012-07-09,-0.00637097198641764,661100,-0.460601384792628,2340.98999,0.00341308165952481,2333,2375,0,-1.00756552923387,-0.936557630572807
"2012-07-10",2012-07-10,0.00557030959367749,531000,-0.457596767511522,2354.030029,0.00893362817845345,2333,2375,0,2.6174668729424,-0.888877027772629
"2012-07-11",2012-07-11,-0.0132156797563095,575200,-0.464764994930877,2322.919922,0,2322.919922,2370,2658,-1.01566494330442,-0.978933500482492
"2012-07-12",2012-07-12,-0.00383996104020672,761400,-0.466820276497698,2314,0,2314,2322.919922,2659,-1.00442219527984,-0.990428536393671
"2012-07-13",2012-07-13,-0.0701599386343993,3768000,-0.504228133179725,2151.649902,0,2151.649902,2314,2660,-1.08013331589339,-1.19964787785131
"2012-07-17",2012-07-17,-0.00402012520343568,1439900,-0.506221198156684,2143,0,2143,2151.649902,2661,-1.00395270482904,-1.21079494103394
"2012-07-18",2012-07-18,-0.00839944003733084,1057000,-0.510368663594472,2125,0,2125,2143,2662,-1.00819299044151,-1.23399140468029
"2012-07-19",2012-07-19,-0.0118446691764706,1401700,-0.516168184792628,2099.830078,0,2099.830078,2125,2663,-1.01136339593679,-1.26642769249442
"2012-07-20",2012-07-20,0.00531944090001745,950800,-0.513594470046085,2111,0.00529129417337759,2099.830078,2111,2663,-0.99501380592146,-1.22243928650871
"2012-07-23",2012-07-23,-0.0222643297015632,1295800,-0.524423963133642,2064,0,0,2111,2665,-1.02108568864962,-1.3126016425929
"2012-07-24",2012-07-24,0.00193798449612403,1228600,-0.523502304147467,2068,0.00193423597678921,2064,2068,2665,-0.998242530755712,-1.29662883590412
"2012-07-25",2012-07-25,-0.0125725338491296,699200,-0.529493087557605,2042,0,0,2068,2667,-1.01144366197183,-1.34095287593843
"2012-07-26",2012-07-26,-0.00737024926542603,949400,-0.532960840783412,2026.949951,0,2026.949951,2042,2668,-1.00654919451697,-1.36034776007756
"2012-07-27",2012-07-27,0.0133451982801325,1086500,-0.52672811059908,2054,0.0131694493670885,2026.949951,2054,2668,-0.988305463164667,-1.25183282261146
"2012-07-30",2012-07-30,0.0146056475170399,778300,-0.519815668202767,2084,0.0273752634357005,0,2084,0,2.07869461149328,-1.13371999546175
"2012-07-31",2012-07-31,0.00239923224568138,716000,-0.518663594470048,2089,0.0297032307324078,0,2089,0,1.08503908289961,-1.11425638655705
"2012-08-01",2012-08-01,-0.0119674485399713,724700,-0.524423963133642,2064,0.0179506051356589,2026.949951,2089,2672,-1.01110617503332,-1.21220525214552
"2012-08-02",2012-08-02,0.00229165697674422,815200,-0.523334105990785,2068.72998,0.0201959798542679,2026.949951,2089,0,1.12508629662565,-1.19355155007443
"2012-08-03",2012-08-03,-0.0404740980260749,1413900,-0.542626728110601,1985,0,1985,2068.72998,2674,-1.03686482860369,-1.41440834415186
"2012-08-06",2012-08-06,-0.0141057934508816,1672000,-0.549078341013826,1957,0,1957,1985,2675,-1.01188959660297,-1.45049173204617
"2012-08-07",2012-08-07,0.000148205927439948,1028900,-0.549011511751154,1957.290039,0.000148183965697934,1957,1957.290039,2675,-0.999878288292069,-1.44928917915931
"2012-08-08",2012-08-08,0.000873637001123072,1462600,-0.548617511520739,1959,0.00102092904543138,0,1959,0,6.88960536737488,-1.44220436748895
"2012-08-09",2012-08-09,0.0153139356814701,1288000,-0.541705069124425,1989,0.016088486676722,0,1989,0,15.7586726998486,-1.31927187311743
"2012-08-10",2012-08-10,-0.00301659125188537,877000,-0.543087557603688,1983,0.0131114473020676,1957,1989,2679,-1.00255210548703,-1.34365438597872
"2012-08-13",2012-08-13,-0.00814928593040847,363100,-0.546811067741937,1966.839966,0.00500293169251165,1957,1989,0,-1.00685618752652,-1.40983002004692
"2012-08-14",2012-08-14,0.00770781266501883,844900,-0.543317972350232,1982,0.0126135216952573,1957,1989,0,2.52122604714694,-1.34772793903954
"2012-08-15",2012-08-15,0.0065590312815338,392300,-0.540322580645163,1995,0.0141153052631579,1966.839966,1995,2679,1.11906140126315,-1.32257557447003
"2012-08-16",2012-08-16,0.0075187969924812,454100,-0.536866359447006,2010,0.0214726537313433,0,2010,0,1.52123197699371,-1.26209608900714
"2012-08-17",2012-08-17,0.00945273631840796,587000,-0.532488479262674,2029,0.0306357979300148,0,2029,0,1.4267355266525,-1.18636215353591
"2012-08-20",2012-08-20,0.00689995071463775,614100,-0.529262672811061,2043,0.0372785286343612,0,2043,0,1.2168290416173,-1.13116816414298
"2012-08-21",2012-08-21,0.000709716593245255,492300,-0.528928582718896,2044.449951,0.0379613034606393,0,2044.449951,0,1.01831549825839,-1.12548091479329
"2012-08-22",2012-08-22,-0.0398395426408754,1572500,-0.547695852534564,1963,0,0,2044.449951,2687,-1.03548167073747,-1.44275957749739
"2012-08-23",2012-08-23,0.0188487009679063,984800,-0.539170506912444,2000,0.0185,1963,2000,2687,-0.984434160706773,-1.29160884299296
"2012-08-24",2012-08-24,0.007,918800,-0.535944700460831,2014,0.0253227408142999,0,2014,0,1.36879680077297,-1.23540807053357
"2012-08-27",2012-08-27,0.00347567030784508,602400,-0.534331797235025,2021,0.028698664027709,0,2021,0,1.13331586964326,-1.2075059378043
"2012-08-28",2012-08-28,-0.00791687283523008,1003800,-0.538018433179725,2005,0.0209476309226932,1963,2021,2691,-1.00689952565761,-1.2714759643881
"2012-08-29",2012-08-29,0.00399002493765586,502000,-0.536175115207375,2013,0.0248385494287133,1963,2021,0,1.18574503820405,-1.23940480912345
"2012-08-30",2012-08-30,-0.00347739692001987,601500,-0.537788018433181,2006,0.0214356929212363,1963,2021,0,-1.00300816501934,-1.26745757774977
"2012-08-31",2012-08-31,-0.00897308075772682,1254800,-0.541935483870969,1988,0.0125754527162978,1963,2021,0,-1.00771208226221,-1.34020870143961
"2012-09-03",2012-09-03,-0.0367203219315895,1277200,-0.558755760368665,1915,0,1915,2013,2695,-1.03103741496599,-1.50461681388764
"2012-09-04",2012-09-04,-0.002088772845953,941800,-0.55967741935484,1911,0,1911,1915,2696,-1.00164948453608,-1.50977158358683
"2012-09-05",2012-09-05,0.000523286237571952,768600,-0.559447004608296,1912,0.00052301255230125,1911,1912,2696,-0.999588307945657,-1.5055577211183
"2012-09-06",2012-09-06,-0.0125523012552301,658400,-0.564976958525347,1888,0,0,1912,2698,-1.00988467874794,-1.53941150935716
"2012-09-07",2012-09-07,0.00635593220338983,849300,-0.562211981566822,1900,0.00631578947368416,1888,1900,2698,-0.99510603588907,-1.48862346263674
"2012-09-10",2012-09-10,0.00631578947368421,422400,-0.559447004608296,1912,0.0125523012552301,0,1912,0,1.98744769874478,-1.43827881011243
"2012-09-11",2012-09-11,-0.00261506276150628,868800,-0.560599078341015,1907,0.00996329313057154,1888,1912,2701,-1.00205930807249,-1.45920240082207
"2012-09-12",2012-09-12,0.0471945464079706,1615500,-0.539861751152075,1997,0.0450676014021032,1907,1997,2701,4.52336399335848,-1.14688431491124
"2012-09-13",2012-09-13,-0.0120180270405608,854000,-0.545391705069126,1973,0.0334515965534719,1907,1997,2703,-1.01024327784891,-1.24278037846035
"2012-09-14",2012-09-14,0.0116573745565129,2221000,-0.540092165898619,1996,0.0445891783567134,1907,1997,0,1.33294619542115,-1.15084879160632
"2012-09-18",2012-09-18,0.0225450901803607,1690600,-0.529723502304149,2041,0.0333170014698677,1973,2041,2703,-0.98080204778157,-1.15590207379877
"2012-09-19",2012-09-19,0.0269475747182754,2020400,-0.517050691244241,2096,0.0586832061068703,0,2096,0,1.76135917153121,-0.943152707229793
"2012-09-20",2012-09-20,0.00333969465648855,1901600,-0.515437788018435,2103,0.0618164526866382,0,2103,0,1.0533925596032,-0.916607846741738
"2012-09-21",2012-09-21,0.00475511174512601,856800,-0.513133640552997,2113,0.0662565073355419,0,2113,0,1.07182642251265,-0.878888029297675
"2012-09-24",2012-09-24,-0.00804543303360152,929500,-0.517050691244241,2096,0.0586832061068703,1973,2113,2709,-1.00763358778626,-0.943152707229793
"2012-09-25",2012-09-25,0.00906488549618321,696300,-0.512672811059909,2115,0.00898345153664304,2096,2115,2709,-0.991532976827094,-1.19663455713216
"2012-09-26",2012-09-26,-0.0245862884160757,989300,-0.524654377880186,2063,0,0,2115,2711,-1.02337078651685,-1.3138903350177
"2012-09-27",2012-09-27,-0.00920988851187591,868300,-0.529032258064518,2044,0,2044,2063,2712,-1.00834431269214,-1.33837549108884
"2012-09-28",2012-09-28,-0.0313111545988258,1094500,-0.543778801843319,1980,0,1980,2044,2713,-1.02787456445993,-1.42085180627584
"2012-10-01",2012-10-01,-0.00151515151515152,635600,-0.544470046082951,1977,0,1977,1980,2714,-1.00127118644068,-1.42471788355023
"2012-10-02",2012-10-02,-0.00303490136570561,1024800,-0.545852534562213,1971,0,1971,1977,2715,-1.00253914515446,-1.43245003809902
"2012-10-03",2012-10-03,-0.0339928970065956,870100,-0.561290322580646,1904,0,1904,1971,2716,-1.0282819755171,-1.51879243056041
"2012-10-04",2012-10-04,-0.0236344537815126,1078700,-0.571658986175117,1859,0,1859,1904,2717,-1.01847290640394,-1.57678358967627
"2012-10-05",2012-10-05,0.00806885422270038,1057400,-0.56820276497696,1874,0.00800426894343653,1859,1874,2717,-0.993954050785973,-1.51268592643437
"2012-10-09",2012-10-09,-0.0309498399146211,1532900,-0.581566820276499,1816,0,0,1874,2719,-1.0235198702352,-1.63219736394254
"2012-10-10",2012-10-10,-0.0297356828193833,991200,-0.594009216589863,1762,0,1762,1816,2720,-1.02139461172742,-1.70178675488157
"2012-10-11",2012-10-11,-0.00113507377979569,1057800,-0.594470046082951,1760,0,1760,1762,2721,-1.00077579519007,-1.70436413973117
"2012-10-12",2012-10-12,0.0340909090909091,1930400,-0.580645161290324,1820,0.032967032967033,1760,1820,2721,-0.976744186046512,-1.44266044731087
"2012-10-15",2012-10-15,0,1569800,-0.580645161290324,1820,0.032967032967033,0,1820,0,-1,-1.44266044731087
"2012-10-16",2012-10-16,-0.0010989010989011,1126400,-0.581105990783411,1818,0.0319031903190319,1760,1820,2724,-1.00079365079365,-1.45118782443404
"2012-10-17",2012-10-17,0.0148514851485149,780900,-0.574884792626729,1845,0.0146341463414634,1818,1845,2724,-0.989294210943696,-1.51297759888755
"2012-10-18",2012-10-18,0.0265582655826558,964200,-0.563594470046084,1894,0.0401267159450898,0,1894,0,2.7419922562478,-1.30725363707078
"2012-10-19",2012-10-19,0.00158394931362196,1229500,-0.562903225806453,1897,0.0416447021613073,0,1897,0,1.03782981438837,-1.2948975765504
"2012-10-22",2012-10-22,0.00105429625724829,824300,-0.562442396313365,1899,0.042654028436019,0,1899,0,1.02423660687504,-1.28667510542104
"2012-10-23",2012-10-23,0.0110584518167457,750000,-0.557603686635946,1920,0.053125,0,1920,0,1.24548611111111,-1.20104920457142
"2012-10-24",2012-10-24,-0.0223958333333333,823900,-0.567511520737329,1877,0.0314331379861481,1818,1920,2730,-1.01776859504132,-1.37778393887303
"2012-10-25",2012-10-25,0.0181140117208311,661600,-0.55967741935484,1911,0.0486656200941915,1818,1920,0,1.54822659181013,-1.23758841430555
"2012-10-26",2012-10-26,-0.0130821559392988,575100,-0.565437788018435,1886,0.0360551431601273,1818,1920,0,-1.01029230135858,-1.34033517819081
"2012-10-29",2012-10-29,0.02067868504772,515300,-0.556451612903227,1925,0.0249350649350649,1877,1925,2730,-0.984107579462103,-1.35226993850529
"2012-10-30",2012-10-30,-0.0135064935064935,691000,-0.562442396313365,1899,0.0115850447604002,1877,1925,2734,-1.01076604554865,-1.46044160478571
"2012-10-31",2012-10-31,-0.00842548709847288,782600,-0.566129032258066,1883,0.00318640467339348,1877,1925,0,-1.00655469070053,-1.52803364872931
"2012-11-01",2012-11-01,0.00106213489113117,435800,-0.565668202764978,1885,0.00424403183023869,1877,1925,0,1.33191865605659,-1.51954103438277
"2012-11-02",2012-11-02,0.00689655172413793,468900,-0.562672811059909,1898,0.0110642781875658,1877,1925,0,2.60702054794522,-1.46464290565925
"2012-11-05",2012-11-05,-0.017913593256059,507900,-0.570506912442398,1864,0,1864,1899,2738,-1.01392301392301,-1.57034012755229
"2012-11-06",2012-11-06,-0.013412017167382,677900,-0.576267281105992,1839,0,1839,1864,2739,-1.01009693053312,-1.60255743817221
"2012-11-07",2012-11-07,-0.0114192495921697,748600,-0.581105990783411,1818,0,1818,1839,2740,-1.00839664134346,-1.62961997909295
"2012-11-08",2012-11-08,-0.0033003300330033,520100,-0.582488479262674,1812,0,1812,1818,2741,-1.00237906423473,-1.63735213364173
"2012-11-09",2012-11-09,-0.00938189845474614,1159400,-0.586405529953918,1795,0,1795,1812,2742,-1.0067246835443,-1.65925990486328
"2012-11-12",2012-11-12,-0.0183844011142061,614300,-0.594009216589863,1762,0,1762,1795,2743,-1.01296660117878,-1.70178675488157
"2012-11-13",2012-11-13,0.00283768444948922,496500,-0.592857142857144,1767,0.00282965478211661,1762,1767,2743,-0.998060512024825,-1.67951724543552
"2012-11-14",2012-11-14,0.00735710243350311,506700,-0.589861751152075,1780,0.0101123595505618,0,1780,0,3.5737078651685,-1.62203262144583
"2012-11-15",2012-11-15,0.0157303370786517,666700,-0.583410138248849,1808,0.0254424778761062,0,1808,0,2.51597836774829,-1.50020902962053
"2012-11-16",2012-11-16,0.0464601769911504,1546600,-0.564055299539172,1892,0.0687103594080338,0,1892,0,2.70061586542881,-1.14996484427191
"2012-11-19",2012-11-19,0.0359408033826638,1163900,-0.548387096774195,1960,0.101020408163265,0,1960,0,1.47023547880691,-0.881626075957243
"2012-11-20",2012-11-20,0.00816326530612245,1016100,-0.544700460829495,1976,0.1082995951417,0,1976,0,1.07205659837239,-0.820295049429284
"2012-11-21",2012-11-21,-0.00961538461538462,1012600,-0.549078341013826,1957,0.0996423096576392,1762,1976,2750,-1.0080372250423,-0.89319975498657
"2012-11-22",2012-11-22,0.0373019928461931,939200,-0.532258064516131,2030,0.0359605911330049,1957,2030,2750,-0.969366344943349,-1.15529229142804
"2012-11-26",2012-11-26,0.00394088669950739,1114400,-0.53041474654378,2038,0.0397448478900884,0,2038,0,1.10523344132712,-1.12381768733874
"2012-11-27",2012-11-27,-0.034838076545633,1393400,-0.546774193548389,1967,0.00508388408744276,1957,2038,2753,-1.03084274543875,-1.40917102475998
"2012-11-28",2012-11-28,-0.0101677681748856,750100,-0.551382488479264,1947,0,1947,1967,2754,-1.00842815002107,-1.46337865629414
"2012-11-29",2012-11-29,0.0112994350282486,850900,-0.546313364055301,1969,0.0111731843575419,1947,1969,2754,-0.99080651901379,-1.37253663944449
"2012-11-30",2012-11-30,0.0238699847638395,1594100,-0.535483870967743,2016,0.0342261904761905,0,2016,0,3.06324404761905,-1.18303435838311
"2012-12-03",2012-12-03,0.0282738095238095,1870300,-0.522350230414748,2073,0.0607814761215629,0,2073,0,1.77587617189958,-0.961057165918811
"2012-12-04",2012-12-04,-0.00868306801736614,872200,-0.526497695852536,2055,0.0525547445255474,1947,2073,2758,-1.00794000882223,-1.03026512339378
"2012-12-05",2012-12-05,0.0160583941605839,968800,-0.518894009216591,2088,0.0158045977011494,2055,2088,2758,-0.985557986870897,-1.19327909284633
"2012-12-06",2012-12-06,0.00383141762452107,939300,-0.517050691244241,2096,0.0195610687022901,0,2096,0,1.23768216516309,-1.16195989240953
"2012-12-07",2012-12-07,0.0176526717557252,1025900,-0.508525345622121,2133,0.0365682137834037,0,2133,0,1.86943844121985,-1.01915858368686
"2012-12-10",2012-12-10,-0.00328176277543366,662300,-0.510138248847928,2126,0.0333960489181562,2055,2133,2762,-1.00317172632533,-1.04592111123154
"2012-12-11",2012-12-11,-0.000940733772342427,687200,-0.510599078341015,2124,0.0324858757062146,2055,2133,0,-1.00090334236676,-1.05358902670504
"2012-12-12",2012-12-12,-0.00800376647834275,1122700,-0.51451612903226,2107,0.0246796392975795,2055,2133,0,-1.0076714801444,-1.11915649365735
"2012-12-13",2012-12-13,0.00474608448030375,1e+06,-0.512211981566822,2117,0.0292867264997638,2055,2133,0,1.18667562951927,-1.08050247564959
"2012-12-14",2012-12-14,-0.00614076523382145,3038000,-0.515207373271891,2104,0.0232889733840305,2055,2133,0,-1.00584795321637,-1.13080046125819
"2012-12-17",2012-12-17,0.0123574144486692,1271500,-0.509216589861753,2130,0.0352112676056338,2055,2133,0,1.51192871514803,-1.0306139593303
"2012-12-18",2012-12-18,0.0028169014084507,1092500,-0.50783410138249,2136,0.0149812734082397,2104,2136,2762,-0.997285067873303,-1.13602664757878
"2012-12-19",2012-12-19,0.00795880149812734,1586600,-0.503917050691246,2153,0.0227589410125406,0,2153,0,1.51915931258708,-1.07061896380998
"2012-12-20",2012-12-20,0.00371574547143521,1155400,-0.502073732718896,2161,0.026376677464137,0,2161,0,1.15895890980177,-1.04007569532084
"2012-12-21",2012-12-21,-0.00879222582137899,1026200,-0.506451612903227,2142,0.0177404295051354,2104,2161,2771,-1.00871959614502,-1.11286273957568
"2012-12-25",2012-12-25,0.0065359477124183,556000,-0.503225806451615,2156,0.0241187384044527,2104,2161,0,1.35953520164046,-1.05914764153934
"2012-12-26",2012-12-26,0.0380333951762523,946700,-0.484331797235025,2238,0.0428954423592494,2142,2238,2771,1.77851103320273,-0.848458163418454
"2012-12-27",2012-12-27,0.0134048257372654,1041300,-0.477419354838711,2268,0.0555555555555556,0,2268,0,1.29513888888889,-0.738990325511069
"2012-12-28",2012-12-28,0.0163139329805996,1309700,-0.468894009216592,2305,0.0707158351409979,0,2305,0,1.27288503253796,-0.60651839721908
"2013-01-04",2013-01-04,0.024295010845987,646500,-0.45599078341014,2361,0.0927573062261754,0,2361,0,1.31169074141923,-0.411075324036648
"2013-01-07",2013-01-07,-0.0097416349004659,471500,-0.461290322580647,2338,0.0838323353293413,2142,2361,2777,-1.01162203132895,-0.490631943763446
"2013-01-08",2013-01-08,-0.00684345594525235,614800,-0.464976958525347,2322,0.0775193798449613,2142,2361,0,-1.00799200799201,-0.546558909893072
"2013-01-09",2013-01-09,0.00516795865633075,776800,-0.462211981566822,2334,0.0822622107969152,2142,2361,0,1.06118251928021,-0.50456830240725
"2013-01-10",2013-01-10,0.00814053127677806,596600,-0.45783410138249,2353,0.0896727581810455,2142,2361,0,1.09008446663833,-0.438636509691638
"2013-01-11",2013-01-11,0.0348491287717807,1963100,-0.4389400921659,2435,0.0464065708418891,2322,2435,2777,-0.958731756416709,-0.57494827703065
"2013-01-15",2013-01-15,0.0114989733059548,908900,-0.432488479262675,2463,0.0572472594397077,0,2463,0,1.23360244898839,-0.478233729520271
"2013-01-16",2013-01-16,-0.0259845716605765,1027300,-0.447235023041477,2399,0.0320967069612339,2322,2463,2783,-1.03409696323921,-0.701375201537021
"2013-01-17",2013-01-17,-0.0266777824093372,1606300,-0.461981566820278,2335,0.00556745182012852,2322,2463,0,-1.03297269448738,-0.932227654313602
"2013-01-18",2013-01-18,0.0565310492505353,1336800,-0.4315668202765,2467,0.0535062829347386,2335,2467,2783,9.61055158866259,-0.494001961302593
"2013-01-21",2013-01-21,-0.0190514795297933,736200,-0.442396313364057,2420,0.0351239669421488,2335,2467,2786,-1.02509343299519,-0.657381422213301
"2013-01-22",2013-01-22,-0.00785123966942149,988400,-0.446774193548389,2401,0.0274885464389838,2335,2467,0,-1.00989583333333,-0.724570913445987
"2013-01-23",2013-01-23,-0.02457309454394,958500,-0.460368663594472,2342,0.0029888983774552,2335,2467,0,-1.03042805569881,-0.937628463672145
"2013-01-24",2013-01-24,0.0140905209222886,643300,-0.452764976958527,2375,0.0168421052631579,2335,2467,0,5.63488721804505,-0.817621664820113
"2013-01-25",2013-01-25,0.0488421052631579,995400,-0.426036866359449,2491,0.0598153352067443,2342,2491,2786,3.55153552790045,-0.427787286149143
"2013-01-28",2013-01-28,-0.00802890405459655,576600,-0.430645161290325,2471,0.0522055847834885,2342,2491,2791,-1.01081665765278,-0.496121898971776
"2013-01-29",2013-01-29,-0.000809388911371914,504800,-0.431105990783412,2469,0.0514378290805995,2342,2491,0,-1.00107009095773,-0.50299328398086
"2013-01-30",2013-01-30,0.0376670716889429,1077000,-0.409677419354841,2562,0.0362997658079626,2469,2562,2791,-0.950293960448958,-0.467810942875206
"2013-01-31",2013-01-31,-0.00273224043715847,625800,-0.411290322580647,2555,0.0336594911937378,2469,2562,2794,-1.00393700787402,-0.491598648071935
"2013-02-01",2013-02-01,0.00704500978473581,437600,-0.407142857142859,2573,0.00699572483482314,2555,2573,2794,-0.989915966386554,-0.617530633184662
"2013-02-04",2013-02-04,0.00194325689856199,407700,-0.40599078341014,2578,0.00892164468580292,0,2578,0,1.27529954314283,-0.600315645540057
"2013-02-05",2013-02-05,-0.0341349883630721,698200,-0.426267281105993,2490,0,0,2578,2797,-1.04994324631101,-0.763618669629413
"2013-02-06",2013-02-06,0.0746987951807229,1095100,-0.38341013824885,2676,0.0695067264573991,2490,2676,2797,-0.89945945945946,-0.135175961953106
"2013-02-07",2013-02-07,-0.00597907324364723,1083400,-0.38709677419355,2660,0.0639097744360902,2490,2676,2799,-1.00961538461538,-0.187098374325523
"2013-02-08",2013-02-08,-0.0342105263157895,1670000,-0.408064516129034,2569,0.0307512650836902,2490,2676,0,-1.05416666666667,-0.489822445000826
"2013-02-12",2013-02-12,0.104710003892565,3007900,-0.346082949308758,2838,0.094785059901339,2569,2838,2799,3.08231416312075,0.214972037065819
"2013-02-13",2013-02-13,-0.0162085976039464,1033300,-0.356682027649772,2792,0.0798710601719198,2569,2838,2802,-1.0306258322237,0.0722793017448491
"2013-02-14",2013-02-14,-0.00393982808022923,801300,-0.359216589861753,2781,0.0762315713772025,2569,2838,0,-1.00710594315245,0.0377482967549798
"2013-02-15",2013-02-15,-0.0107874865156419,794400,-0.366129032258067,2751,0.0661577608142494,2569,2838,0,-1.0192431045542,-0.0572545441770438
"2013-02-18",2013-02-18,0.0410759723736823,1060300,-0.34009216589862,2864,0.0394553072625698,2751,2864,2802,-0.928886091881687,-0.0609771235064406
"2013-02-19",2013-02-19,-0.0254888268156425,950900,-0.356912442396316,2791,0.014331780723755,2751,2864,2806,-1.04945799457995,-0.295565673289455
"2013-02-20",2013-02-20,0.00859906843425296,763500,-0.351382488479265,2815,0.0227353463587922,2751,2864,0,1.58635879218472,-0.217636541726151
"2013-02-21",2013-02-21,-0.0202486678507993,745200,-0.36451612903226,2758,0.0025380710659898,2751,2864,0,-1.03737704918033,-0.404053858353332
"2013-02-22",2013-02-22,0.0126903553299492,1089800,-0.356451612903228,2793,0.0150375939849624,2751,2864,0,5.9248120300753,-0.28904072771867
"2013-02-25",2013-02-25,0.0583601861797351,1515700,-0.318894009216592,2956,0.0669824086603519,2758,2956,2806,4.4543301759134,0.211539596562931
"2013-02-26",2013-02-26,-0.0385656292286874,1143100,-0.345161290322583,2842,0.0295566502463054,2758,2956,2811,-1.08236994219653,-0.144690804368322
"2013-02-27",2013-02-27,-0.0228712174524982,1190800,-0.360138248847928,2777,0.00684191573640625,2758,2956,0,-1.043391188251,-0.355497621296866
"2013-02-28",2013-02-28,0.0385307886208138,985400,-0.335483870967744,2884,0.0436893203883495,2758,2956,0,6.38553909044451,-0.0115227566255979
"2013-03-01",2013-03-01,0.0190707350901526,789200,-0.322811059907836,2939,0.06158557332426,2758,2956,0,1.40962534497751,0.159447729402122
"2013-03-04",2013-03-04,0.0115685607349439,860300,-0.314976958525348,2973,0.0659266733938783,2777,2973,2811,1.07048891218016,0.227542719488728
"2013-03-05",2013-03-05,-0.0168180289270098,544800,-0.326497695852537,2923,0.0499486828600753,2777,2973,2816,-1.03657644476957,0.073744393567434
"2013-03-06",2013-03-06,0.0181320561067397,470700,-0.314285714285716,2976,0.0178091397849462,2923,2976,2816,-0.962597035991532,-0.0377089658448426
"2013-03-07",2013-03-07,-0.00436827956989247,706900,-0.317281105990786,2963,0.0134998312521093,2923,2976,2818,-1.00953079178886,-0.0785636073259308
"2013-03-08",2013-03-08,-0.00674991562605467,4343600,-0.321889400921661,2943,0.0067957866123004,2923,2976,0,-1.01452432824982,-0.141832675517718
"2013-03-11",2013-03-11,0.00951410125722052,705900,-0.315437788018435,2971,0.0161561763715921,2923,2976,0,2.37738135307976,-0.0533973285717982
"2013-03-12",2013-03-12,-0.0185122854257826,796800,-0.328110599078343,2916,0,2916,2971,2821,-1.04017531044558,-0.21463569666592
"2013-03-13",2013-03-13,0.000685871056241427,602500,-0.327649769585256,2918,0.000685400959561377,2916,2918,2821,-0.998595505617978,-0.208224915569844
"2013-03-14",2013-03-14,0.0157642220699109,546100,-0.317050691244242,2964,0.0161943319838057,0,2964,0,23.6275303643714,-0.0622047740632198
"2013-03-15",2013-03-15,0.0239541160593792,1494400,-0.300691244239634,3035,0.0392092257001647,0,3035,0,2.42116968698517,0.158012965381
"2013-03-18",2013-03-18,-0.0375617792421746,787100,-0.326958525345624,2921,0.00171174255391993,2916,3035,2825,-1.08735632183908,-0.19861858660695
"2013-03-19",2013-03-19,0.0236220472440945,889800,-0.311059907834104,2990,0.0247491638795987,2916,3035,0,14.4584615384613,0.0191477632198148
"2013-03-21",2013-03-21,0.00668896321070234,945400,-0.306451612903228,3010,0.0312292358803987,2916,3035,0,1.26182993624854,0.0811641692118863
"2013-03-22",2013-03-22,-0.0411960132890365,1087300,-0.335023041474657,2886,0,2886,3010,2828,-1.09323308270677,-0.253296469409829
"2013-03-25",2013-03-25,0.0256410256410256,1347800,-0.317972350230417,2960,0.025,2886,2960,2828,-0.94910591471802,-0.0181101018843896
"2013-03-26",2013-03-26,-0.0202702702702703,843800,-0.331797235023044,2900,0.00482758620689661,2886,2960,2830,-1.04347826086956,-0.208254447279685
"2013-03-27",2013-03-27,0.00310344827586207,902700,-0.32972350230415,2909,0.0079064970780337,2886,2960,0,1.63777439473553,-0.179436097491948
"2013-03-28",2013-03-28,-0.0381574424200756,1645300,-0.355299539170509,2798,0,2798,2909,2832,-1.07756813417191,-0.366701402791959
"2013-03-29",2013-03-29,-0.00250178699070765,869500,-0.356912442396316,2791,0,2791,2798,2833,-1.00453955901427,-0.375722249765538
"2013-04-01",2013-04-01,-0.0200644930132569,1411100,-0.369815668202767,2735,0,2735,2791,2834,-1.03615235635894,-0.447889025554165
"2013-04-02",2013-04-02,-0.0387568555758684,1315800,-0.394239631336408,2629,0,2629,2735,2835,-1.06604361370716,-0.584490422582639
"2013-04-03",2013-04-03,0.00228223659186002,1334500,-0.392857142857145,2635,0.00227703984819738,2629,2635,2835,-0.996493278784337,-0.564022954659394
"2013-04-04",2013-04-04,0.0462998102466793,1416700,-0.364746543778804,2757,0.0464272760246645,0,2757,0,20.3893120541648,-0.159873513709108
"2013-04-05",2013-04-05,0.0369967355821545,2197600,-0.341244239631339,2859,0.0804477089891571,0,2859,0,1.73276823189927,0.161846847863675
"2013-04-08",2013-04-08,0.0790486183980413,1808100,-0.289170506912445,3085,0.147811993517018,0,3085,0,1.83736734550067,0.829854735238249
"2013-04-09",2013-04-09,0.00810372771474878,1646500,-0.28341013824885,3110,0.154662379421222,0,3110,0,1.04634526428612,0.900385741288278
"2013-04-10",2013-04-10,0.00964630225080386,1147200,-0.276497695852537,3140,0.162738853503185,0,3140,0,1.05222002992704,0.984217628835451
"2013-04-11",2013-04-11,0.00159235668789809,1147300,-0.275345622119818,3145,0.164069952305246,0,3145,0,1.00817935467412,0.998105826891506
"2013-04-12",2013-04-12,-0.00476947535771065,2018700,-0.278801843317975,3130,0.160063897763578,2629,3145,2843,-1.01255230125523,0.956369877426869
"2013-04-15",2013-04-15,-0.00798722044728434,1137100,-0.284562211981569,3105,0.153301127214171,2629,3145,0,-1.02066115702479,0.886328897495895
"2013-04-16",2013-04-16,-0.00322061191626409,1169400,-0.286866359447007,3095,0.150565428109855,2629,3145,0,-1.0080971659919,0.858141412996736
"2013-04-17",2013-04-17,0.00646203554119548,684000,-0.282258064516131,3115,0.156019261637239,2629,3145,0,1.03622234928595,0.914418144048017
"2013-04-18",2013-04-18,-0.0160513643659711,731200,-0.29377880184332,3065,0.142251223491028,2629,3145,0,-1.04081632653061,0.772979916357284
"2013-04-19",2013-04-19,0.0146818923327896,633900,-0.28341013824885,3110,0.154662379421222,2629,3145,0,1.08724814891295,0.900385741288278
"2013-04-22",2013-04-22,0.0289389067524116,990700,-0.26267281105991,3200,0.0421875,3065,3200,2843,-0.926829268292684,0.387304480629068
"2013-04-23",2013-04-23,0.0078125,668000,-0.256912442396316,3225,0.0496124031007752,0,3225,0,1.17599770312948,0.461048718341752
"2013-04-24",2013-04-24,0.0465116279069767,1173000,-0.222350230414749,3375,0.0918518518518519,0,3375,0,1.85138888888889,0.890594656188991
"2013-04-25",2013-04-25,0.00740740740740741,901200,-0.216589861751155,3400,0.0985294117647059,0,3400,0,1.07269924098672,0.960159059409984
"2013-04-26",2013-04-26,-0.00147058823529412,997700,-0.217741935483874,3395,0.0972017673048601,3065,3400,2853,-1.00531914893617,0.946290181231294
"2013-04-30",2013-04-30,-0.00294550810014728,587700,-0.220046082949311,3385,0.0945347119645494,3065,3400,0,-1.01058201058201,0.918486616164421
"2013-05-01",2013-05-01,0.00443131462333826,412100,-0.216589861751155,3400,0.00441176470588234,3385,3400,2853,-0.984293193717277,0.433766106598815
"2013-05-02",2013-05-02,0.00735294117647059,960800,-0.21082949308756,3425,0.0116788321167883,0,3425,0,2.64720194647203,0.506627581116225
"2013-05-07",2013-05-07,0.0583941605839416,1154800,-0.164746543778805,3625,0.0662068965517242,0,3625,0,5.66896551724138,1.06933744759606
"2013-05-08",2013-05-08,-0.00551724137931034,648800,-0.16935483870968,3605,0.0610263522884882,3385,3625,2858,-1.02797202797203,1.01458920293625
"2013-05-09",2013-05-09,0.0194174757281553,841400,-0.153225806451616,3675,0.0190476190476191,3605,3675,2858,-0.904761904761907,0.870013760871492
"2013-05-10",2013-05-10,0.0272108843537415,1249100,-0.130184331797238,3775,0.0450331125827814,0,3775,0,2.36423841059602,1.14421792299362
"2013-05-13",2013-05-13,0.0132450331125828,1053700,-0.118663594470049,3825,0.0575163398692811,0,3825,0,1.27720107650904,1.27847029974798
"2013-05-14",2013-05-14,0.0117647058823529,891100,-0.108294930875579,3870,0.0684754521963824,0,3870,0,1.19053911205074,1.39775495353064
"2013-05-15",2013-05-15,-0.0232558139534884,1488800,-0.129032258064519,3780,0.0462962962962963,3605,3870,2863,-1.19148936170212,1.15772627704467
"2013-05-16",2013-05-16,-0.0291005291005291,1231900,-0.154377880184335,3670,0.0177111716621253,3605,3870,0,-1.19642857142857,0.856095648588785
"2013-05-17",2013-05-17,-0.00136239782016349,945000,-0.155529953917053,3665,0.0163710777626194,3605,3870,0,-1.00746268656716,0.842157141626245
"2013-05-20",2013-05-20,0.00545702592087312,711300,-0.150921658986178,3685,0.0217096336499322,3605,3870,0,1.32609678878336,0.897789133468177
"2013-05-21",2013-05-21,-0.00135685210312076,668400,-0.152073732718897,3680,0.0203804347826086,3605,3870,0,-1.00763358778626,0.883911561604854
"2013-05-22",2013-05-22,0.0285326086956522,865800,-0.1278801843318,3785,0.047556142668428,3605,3870,0,2.33342140026421,1.17121596559525
"2013-05-23",2013-05-23,-0.110964332892999,2266800,-0.224654377880187,3365,0,3365,3785,2869,-1.75675675675674,0.363987202067898
"2013-05-24",2013-05-24,-0.00148588410104012,1927100,-0.225806451612906,3360,0,3360,3365,2870,-1.0051282051282,0.357543739943913
"2013-05-27",2013-05-27,-0.03125,886400,-0.250000000000003,3255,0,3255,3360,2871,-1.10714285714286,0.222231035340236
"2013-05-28",2013-05-28,0.00921658986175115,853700,-0.243087557603689,3285,0.0091324200913242,3255,3285,2871,-0.972350230414747,0.311968749852351
"2013-05-29",2013-05-29,0.0243531202435312,907800,-0.224654377880187,3365,0.0326894502228826,0,3365,0,3.57949479940565,0.54681684949674
"2013-05-30",2013-05-30,-0.0950965824665676,1938100,-0.298387096774196,3045,0,0,3365,2874,-1.32820512820512,-0.0483943738671182
"2013-05-31",2013-05-31,0.0262725779967159,1333900,-0.279953917050694,3125,0.0256,3045,3125,2874,-0.938223938223939,0.197879903281274
"2013-06-03",2013-06-03,-0.0048,1536900,-0.283410138248851,3110,0.0209003215434084,3045,3125,2876,-1.01234567901235,0.152264567196518
"2013-06-04",2013-06-04,0.0321543408360129,1603400,-0.260368663594473,3210,0.0311526479750779,3110,3210,2876,1.49053438773065,0.338474303751435
"2013-06-05",2013-06-05,0.0249221183800623,2284100,-0.24193548387097,3290,0.0547112462006079,0,3290,0,1.75623100303951,0.573331173627995
"2013-06-06",2013-06-06,-0.0121580547112462,1718000,-0.251152073732722,3250,0.0430769230769231,3110,3290,2879,-1.03809523809524,0.456713578541364
"2013-06-07",2013-06-07,0.00153846153846154,1952400,-0.250000000000003,3255,0.0445468509984639,3110,3290,0,1.03412332675005,0.471378237467641
"2013-06-10",2013-06-10,0.0814132104454685,1437500,-0.188940092165901,3520,0.0767045454545454,3250,3520,2879,1.72188479623824,0.992737307279899
"2013-06-11",2013-06-11,-0.0454545454545455,1278000,-0.225806451612906,3360,0.0327380952380952,3250,3520,2882,-1.19512195121951,0.540645455300476
"2013-06-12",2013-06-12,0.0386904761904762,1334600,-0.195852534562215,3490,0.0687679083094556,3250,3520,0,2.10054701745246,0.909687517250173
"2013-06-13",2013-06-13,-0.0773638968481375,1598800,-0.258064516129035,3220,0,3220,3490,2884,-1.31764705882352,0.177126800472344
"2013-06-14",2013-06-14,0.0124223602484472,3072800,-0.248847926267284,3260,0.0122699386503068,3220,3260,2884,-0.964285714285715,0.297299345606781
"2013-06-17",2013-06-17,0.0337423312883436,704900,-0.223502304147468,3370,0.0445103857566765,0,3370,0,3.62759643916913,0.619373918952358
"2013-06-18",2013-06-18,-0.0163204747774481,553100,-0.236175115207376,3315,0.028657616892911,3220,3370,2887,-1.05670103092783,0.459832486331453
"2013-06-19",2013-06-19,0.0392156862745098,962600,-0.206221198156685,3445,0.0377358490566038,3315,3445,2887,1.31678252234359,0.678136374301414
"2013-06-20",2013-06-20,-0.0275761973875181,1010800,-0.228110599078344,3350,0.0104477611940299,3315,3445,2889,-1.10614525139665,0.403090361763603
"2013-06-21",2013-06-21,0.0134328358208955,1105800,-0.217741935483874,3395,0.0235640648011782,3315,3445,0,2.25541763096991,0.534440024852895
"2013-06-24",2013-06-24,-0.0176730486008837,520000,-0.2315668202765,3335,0.00599700149925042,3315,3445,0,-1.06349206349206,0.358867209675527
"2013-06-25",2013-06-25,0.00299850074962519,1009800,-0.229262672811062,3345,0.00896860986547088,3315,3445,0,1.49551569506726,0.388374117012486
"2013-06-26",2013-06-26,-0.031390134529148,830300,-0.253456221198159,3240,0,3240,3395,2893,-1.10552763819095,0.202900648968283
"2013-06-27",2013-06-27,0.0154320987654321,938400,-0.24193548387097,3290,0.0151975683890577,3240,3290,2893,-0.954545454545455,0.352334132269203
"2013-06-28",2013-06-28,0.0425531914893617,1025000,-0.209677419354841,3430,0.0553935860058309,0,3430,0,3.64489795918368,0.757564388539042
"2013-07-01",2013-07-01,0.00728862973760933,712800,-0.203917050691247,3455,0.0622286541244573,0,3455,0,1.12339096656257,0.828009723361277
"2013-07-02",2013-07-02,0.00289435600578871,643200,-0.201612903225809,3465,0.064935064935065,0,3465,0,1.0434913923286,0.856033400626726
"2013-07-03",2013-07-03,0.00288600288600289,678800,-0.199308755760371,3475,0.0676258992805755,0,3475,0,1.04143884892086,0.883969959889198
"2013-07-04",2013-07-04,-0.0920863309352518,2787700,-0.27304147465438,3155,0,0,3475,2899,-1.36994219653179,0.093361792860545
"2013-07-05",2013-07-05,0.0316957210776545,1759600,-0.250000000000002,3255,0.0307219662058372,3155,3255,2899,-0.915611814345992,0.394056691979829
"2013-07-08",2013-07-08,-0.0353302611367127,1395200,-0.276497695852537,3140,0,0,3255,2901,-1.10599078341014,0.074031406488591
"2013-07-09",2013-07-09,0.0318471337579618,1153900,-0.253456221198159,3240,0.0308641975308642,3140,3240,2901,-0.916666666666668,0.375521794758984
"2013-07-10",2013-07-10,-0.0123456790123457,704000,-0.26267281105991,3200,0.01875,3140,3240,2903,-1.03636363636364,0.256220298044257
"2013-07-11",2013-07-11,0.0109375,600100,-0.254608294930878,3235,0.0293663060278208,3140,3240,0,1.56620298815044,0.360700737615172
"2013-07-12",2013-07-12,0.0216383307573416,1498500,-0.238479262672813,3305,0.0317700453857791,3200,3305,2903,1.08185365076837,0.464353141596714
"2013-07-16",2013-07-16,0.00302571860816944,1601700,-0.236175115207376,3315,0.0346907993966817,0,3315,0,1.09193420958127,0.493575624332171
"2013-07-17",2013-07-17,-0.0150829562594268,962200,-0.247695852534564,3265,0.0199081163859112,3200,3315,2907,-1.04878048780488,0.346462563886894
"2013-07-18",2013-07-18,0.0137825421133231,7264700,-0.237327188940095,3310,0.0332326283987915,3200,3315,0,1.6693004880316,0.478976720999553
"2013-07-19",2013-07-19,0.00151057401812689,1714100,-0.236175115207376,3315,0.0150829562594268,3265,3315,2907,-0.995145631067961,0.383910425829843
"2013-07-22",2013-07-22,-0.00754147812971342,3022500,-0.24193548387097,3290,0.00759878419452886,3265,3315,2910,-1.02439024390244,0.309834701238668
"2013-07-23",2013-07-23,-0.0243161094224924,5220300,-0.260368663594472,3210,0,3210,3290,2911,-1.07619047619048,0.164239876224376
"2013-07-24",2013-07-24,-0.00467289719626168,3486200,-0.263824884792629,3195,0,3195,3210,2912,-1.01327433628319,0.144909489852423
"2013-07-25",2013-07-25,-0.00782472613458529,1722500,-0.269585253456223,3170,0,3170,3195,2913,-1.02183406113537,0.1126921792325
"2013-07-26",2013-07-26,-0.0141955835962145,1955900,-0.279953917050693,3125,0,3125,3170,2914,-1.03846153846154,0.0547010201166376
"2013-07-29",2013-07-29,-0.0304,4039000,-0.301843317972352,3030,0,3030,3125,2915,-1.07818930041152,-0.0677247602390704
"2013-07-30",2013-07-30,0.0313531353135314,7695800,-0.279953917050693,3125,0.0304,3030,3125,2915,-0.927480916030535,0.224725943874645
"2013-07-31",2013-07-31,0.0016,2437800,-0.278801843317974,3130,0.0319488817891374,0,3130,0,1.0509500588532,0.239832185870612
"2013-08-01",2013-08-01,0.0207667731629393,2061500,-0.263824884792629,3195,0.0516431924882629,0,3195,0,1.61643192488263,0.433745998583904
"2013-08-02",2013-08-02,0.0172143974960876,3222600,-0.251152073732721,3250,0.0676923076923077,0,3250,0,1.31076923076923,0.594385581584288
"2013-08-05",2013-08-05,-0.00153846153846154,2283600,-0.25230414746544,3245,0.0662557781201849,3030,3250,2920,-1.0045871559633,0.579907717125557
"2013-08-06",2013-08-06,0.0154083204930663,3474100,-0.240783410138251,3295,0.0151745068285281,3245,3295,2920,-0.954337899543379,0.358648612811914
"2013-08-07",2013-08-07,-0.00606980273141123,3041600,-0.245391705069127,3275,0.00916030534351142,3245,3295,2922,-1.01913875598086,0.299237785731921
"2013-08-08",2013-08-08,0.00458015267175573,3100400,-0.24193548387097,3290,0.013677811550152,3245,3295,0,1.49316109422493,0.343834246063098
"2013-08-09",2013-08-09,0.013677811550152,3170600,-0.2315668202765,3335,0.0179910044977512,3275,3335,2922,1.31534232883558,0.425948770378601
"2013-08-12",2013-08-12,-0.00749625187406297,1849600,-0.237327188940094,3310,0.0105740181268882,3275,3335,2925,-1.02487562189055,0.352248810343541
"2013-08-13",2013-08-13,0.0151057401812689,2019300,-0.225806451612905,3360,0.0148809523809523,3310,3360,2925,1.40731292517007,0.440771792378717
"2013-08-14",2013-08-14,0.00297619047619048,2498300,-0.223502304147468,3370,0.0178041543026706,0,3370,0,1.19643916913947,0.470007966096074
"2013-08-15",2013-08-15,-0.0237388724035608,1219100,-0.24193548387097,3290,0,0,3370,2928,-1.08247422680412,0.267335270208131
"2013-08-16",2013-08-16,-0.0106382978723404,1311100,-0.250000000000002,3255,0,3255,3290,2929,-1.03333333333333,0.222231035340238
"2013-08-19",2013-08-19,0.0138248847926267,882500,-0.239631336405532,3300,0.0136363636363637,3255,3300,2929,-0.95852534562212,0.356489355232719
"2013-08-20",2013-08-20,-0.0227272727272727,1539500,-0.256912442396315,3225,0,0,3300,2931,-1.07211538461538,0.183570262596331
"2013-08-21",2013-08-21,-0.00155038759689922,1164400,-0.258064516129034,3220,0,3220,3225,2932,-1.00448430493274,0.177126800472346
"2013-08-22",2013-08-22,0.0077639751552795,1157000,-0.25230414746544,3245,0.00770416024653309,3220,3245,2932,-0.977678571428571,0.252432902491489
"2013-08-23",2013-08-23,-0.00154083204930663,1305000,-0.253456221198159,3240,0.00617283950617287,3220,3245,2934,-1.00456621004566,0.237424878126425
"2013-08-26",2013-08-26,0.0123456790123457,865700,-0.244239631336408,3280,0.0121951219512195,3240,3280,2934,1.97560975609755,0.322654749906732
"2013-08-27",2013-08-27,-0.0121951219512195,731800,-0.253456221198159,3240,0,0,3280,2936,-1.0377358490566,0.202900648968285
"2013-08-28",2013-08-28,-0.00771604938271605,956500,-0.259216589861753,3215,0,3215,3240,2937,-1.02272727272727,0.170683338348362
"2013-08-29",2013-08-29,0.0046656298600311,951800,-0.255760368663597,3230,0.00464396284829727,3215,3230,2937,-0.986666666666667,0.215987061207709
"2013-08-30",2013-08-30,0.0170278637770898,2035700,-0.243087557603689,3285,0.0213089802130898,0,3285,0,4.58853373921862,0.38007133887663
"2013-09-02",2013-09-02,0.0076103500761035,1093000,-0.237327188940094,3310,0.0287009063444109,0,3310,0,1.34689253344843,0.453631138868352
"2013-09-03",2013-09-03,0.0166163141993958,1593800,-0.224654377880186,3365,0.0445765230312035,0,3365,0,1.55313990771877,0.613300357652686
"2013-09-04",2013-09-04,0.00891530460624071,1236100,-0.217741935483873,3395,0.053019145802651,0,3395,0,1.18939617083947,0.699180087404257
"2013-09-05",2013-09-05,-0.00883652430044183,1345300,-0.224654377880186,3365,0.0445765230312035,3215,3395,2943,-1.03174603174603,0.613300357652686
"2013-09-06",2013-09-06,-0.0312035661218425,2031100,-0.248847926267283,3260,0.0138036809815951,3215,3395,0,-1.10769230769231,0.305877451624605
"2013-09-09",2013-09-09,0.0736196319018405,4037400,-0.193548387096776,3500,0.0685714285714286,3260,3500,2943,4.96761904761904,0.921475545035053
"2013-09-10",2013-09-10,0.0342857142857143,3117600,-0.165898617511523,3620,0.0994475138121547,0,3620,0,1.45027624309392,1.24880626887253
"2013-09-11",2013-09-11,0.00966850828729282,2365900,-0.157834101382491,3655,0.108071135430917,0,3655,0,1.08671530627755,1.34214177374858
"2013-09-12",2013-09-12,-0.0027359781121751,1224500,-0.160138248847929,3645,0.10562414266118,3260,3655,2948,-1.01459854014598,1.31556900216144
"2013-09-13",2013-09-13,0.00685871056241427,3548100,-0.154377880184334,3670,0.00681198910081748,3645,3670,2948,-0.964028776978417,0.795137336614743
"2013-09-17",2013-09-17,0.00272479564032698,1125200,-0.152073732718896,3680,0.00951086956521741,0,3680,0,1.39619565217391,0.823118897217697
"2013-09-18",2013-09-18,0.00815217391304348,1149100,-0.145161290322583,3710,0.0175202156334232,0,3710,0,1.84212552945707,0.90657534281023
"2013-09-19",2013-09-19,0.0283018867924528,1633500,-0.120967741935486,3815,0.0445609436435125,0,3815,0,2.54340155257586,1.19312481446247
"2013-09-20",2013-09-20,0,1396900,-0.120967741935486,3815,0.0445609436435125,0,3815,0,-1,1.19312481446247
"2013-09-24",2013-09-24,-0.00262123197903014,676400,-0.123271889400924,3805,0.0420499342969777,3645,3815,2954,-1.01904761904762,1.16619400295463
"2013-09-25",2013-09-25,-0.011826544021025,789000,-0.133640552995394,3760,0.0305851063829787,3645,3815,0,-1.08411214953271,1.0440809197606
"2013-09-26",2013-09-26,0.00664893617021277,1499600,-0.1278801843318,3785,0.0369881109643329,3645,3815,0,1.20935041065993,1.11210975557022
"2013-09-27",2013-09-27,0.011889035667107,1193000,-0.11751152073733,3830,0.0182767624020888,3760,3830,2954,-0.918918918918919,1.06544974321552
"2013-09-30",2013-09-30,-0.0261096605744125,1416600,-0.140552995391708,3730,0,0,3830,2958,-1.19607843137254,0.834359937118779
"2013-10-01",2013-10-01,-0.0107238605898123,1380700,-0.149769585253459,3690,0,3690,3730,2959,-1.0655737704918,0.782812240126902
"2013-10-02",2013-10-02,-0.0284552845528455,1774500,-0.173963133640555,3585,0,3585,3690,2960,-1.16153846153846,0.647499535523224
"2013-10-03",2013-10-03,0.0111576011157601,1299300,-0.164746543778804,3625,0.0110344827586207,3585,3625,2960,-0.947019867549669,0.760762268361929
"2013-10-04",2013-10-04,0.00137931034482759,1235900,-0.163594470046085,3630,0.012396694214876,0,3630,0,1.12345041322313,0.774824477163285
"2013-10-07",2013-10-07,-0.00413223140495868,1005700,-0.167050691244242,3615,0.00829875518672196,3585,3630,2963,-1.02112676056338,0.73257462464571
"2013-10-08",2013-10-08,-0.00968188105117566,1017800,-0.175115207373274,3580,0,3580,3615,2964,-1.04827586206896,0.64105607339924
"2013-10-09",2013-10-09,-0.00279329608938547,1345000,-0.177419354838712,3570,0,3570,3580,2965,-1.01315789473684,0.628169149151271
"2013-10-10",2013-10-10,0.0238095238095238,725300,-0.157834101382491,3655,0.0232558139534884,3570,3655,2965,-0.889610389610392,0.867776031389676
"2013-10-11",2013-10-11,0.0218878248974008,1787400,-0.139400921658989,3735,0.0441767068273092,0,3735,0,1.89959839357429,1.08788041273596
"2013-10-15",2013-10-15,0.00401606425702811,1006700,-0.135944700460832,3750,0.048,0,3750,0,1.08654545454546,1.12859419154841
"2013-10-16",2013-10-16,0.00133333333333333,608700,-0.134792626728113,3755,0.0492676431424767,0,3755,0,1.02640923213493,1.14212748685174
"2013-10-17",2013-10-17,0.0066577896138482,883400,-0.129032258064518,3780,0.0555555555555556,0,3780,0,1.12762762762763,1.20951262078189
"2013-10-18",2013-10-18,-0.00793650793650794,838800,-0.135944700460832,3750,0.048,3570,3780,2971,-1.05357142857143,1.12859419154841
"2013-10-21",2013-10-21,0.00933333333333333,774900,-0.127880184331799,3785,0.00924702774108321,3750,3785,2971,-0.940677966101695,0.956955954254514
"2013-10-22",2013-10-22,0.00264200792602378,570900,-0.125576036866362,3795,0.0118577075098815,0,3795,0,1.2823263692829,0.984444214971118
"2013-10-23",2013-10-23,-0.00790513833992095,965900,-0.132488479262675,3765,0.00398406374501992,3750,3795,2974,-1.05504587155963,0.901746742200293
"2013-10-24",2013-10-24,-0.0132802124833997,932100,-0.144009216589864,3715,0,3715,3765,2975,-1.08695652173913,0.815029550746827
"2013-10-25",2013-10-25,-0.0269179004037685,884400,-0.167050691244242,3615,0,3615,3715,2976,-1.16,0.686160308267134
"2013-10-28",2013-10-28,0.0318118948824343,785100,-0.140552995391707,3730,0.0308310991957105,3615,3730,2976,-0.841379310344831,1.00679596639925
"2013-10-29",2013-10-29,-0.00134048257372654,714500,-0.141705069124426,3725,0.0295302013422819,3615,3730,2978,-1.00819672131148,0.993076679987561
"2013-10-30",2013-10-30,0.010738255033557,772200,-0.132488479262675,3765,0.0106241699867198,3725,3765,2978,-0.934959349593496,0.938884359222993
"2013-10-31",2013-10-31,-0.0185922974767596,768700,-0.148617511520739,3695,0,0,3765,2980,-1.12173913043478,0.789255702250888
"2013-11-01",2013-11-01,-0.0162381596752368,894100,-0.162442396313366,3635,0,3635,3695,2981,-1.09302325581395,0.711934156763073
"2013-11-05",2013-11-05,0.0123796423658872,747900,-0.152073732718896,3680,0.0122282608695652,3635,3680,2981,-0.936170212765959,0.838317063314488
"2013-11-06",2013-11-06,0.00815217391304348,668700,-0.145161290322583,3710,0.0202156334231806,0,3710,0,1.65318957771788,0.921650612685214
"2013-11-07",2013-11-07,-0.0148247978436658,577300,-0.157834101382491,3655,0.00547195622435026,3635,3710,2984,-1.08730158730159,0.768312246701521
"2013-11-08",2013-11-08,-0.00410396716826265,899400,-0.161290322580647,3640,0.00137362637362637,3635,3710,0,-1.02189781021898,0.726060208342578
"2013-11-11",2013-11-11,0.0206043956043956,609600,-0.144009216589864,3715,0.0201884253028264,3640,3715,2984,14.6971736204577,0.927941901829303
"2013-11-12",2013-11-12,0.053835800807537,3683100,-0.0979262672811082,3915,0.070242656449553,0,3915,0,3.47935291613452,1.46562995371263
"2013-11-13",2013-11-13,0.0140485312899106,2642400,-0.0852534562212004,3970,0.0831234256926953,0,3970,0,1.18337531486146,1.60854921498797
"2013-11-14",2013-11-14,0.00503778337531486,2220300,-0.080645161290325,3990,0.0877192982456141,0,3990,0,1.05528973950027,1.66002743455008
"2013-11-15",2013-11-15,-0.0137844611528822,2241400,-0.0933179723502328,3935,0.0749682337992376,3640,3990,2990,-1.15714285714285,1.51783360249122
"2013-11-18",2013-11-18,0.0254129606099111,1737100,-0.0702764976958549,4035,0.0247831474597274,3935,4035,2990,-0.753086419753093,1.3660214147517
"2013-11-19",2013-11-19,0,1037600,-0.0702764976958549,4035,0.0247831474597274,0,4035,0,-1,1.3660214147517
"2013-11-20",2013-11-20,0.00743494423791822,1925100,-0.0633640552995415,4065,0.031980319803198,0,4065,0,1.29040590405904,1.44493543351442
"2013-11-21",2013-11-21,0.027060270602706,1584300,-0.0380184331797258,4175,0.0574850299401197,0,4175,0,1.79751266697374,1.72933753433748
"2013-11-22",2013-11-22,0.00239520958083832,2003300,-0.0357142857142879,4185,0.05973715651135,0,4185,0,1.03917761847869,1.75482043386725
"2013-11-25",2013-11-25,0.013142174432497,929900,-0.02304147465438,4240,0.0719339622641509,0,4240,0,1.20417452830189,1.89391433855382
"2013-11-26",2013-11-26,-0.00471698113207547,897300,-0.0276497695852557,4220,0.0675355450236966,3935,4240,2997,-1.19999999999999,1.84354047176959
"2013-11-27",2013-11-27,0.0023696682464455,856200,-0.0253456221198178,4230,0.0697399527186762,3935,4240,0,1.03264070341338,1.86875648319751
"2013-11-28",2013-11-28,0.0153664302600473,1055400,-0.0103686635944722,4295,0.0174621653084982,4220,4295,2997,-0.409090909090959,1.66013574019573
"2013-11-29",2013-11-29,-0.00814901047729918,1466600,-0.0184331797235044,4260,0.00938967136150237,4220,4295,3000,-1.77777777777762,1.56988265112142
"2013-12-02",2013-12-02,0.00938967136150235,729100,-0.00921658986175333,4300,0.00930232558139532,4260,4300,3000,-0.50000000000006,1.6209418297053
"2013-12-03",2013-12-03,0.0104651162790698,1247000,0,4345,0.0195627157652474,0,4345,0,2.1029919447641,1.72987512073458
"2013-12-04",2013-12-04,-0.0264672036823936,989800,-0.0264672036823936,4230,0,0,4345,3003,0,1.47243322781773
"2013-12-05",2013-12-05,-0.0260047281323877,1221500,-0.0517836593785961,4120,0,4120,4230,3004,-1.95652173913043,1.33084018671346
"2013-12-06",2013-12-06,0.0218446601941748,1131800,-0.0310701956271576,4210,0.0213776722090261,4120,4210,3004,-0.6,1.56625275850839
"2013-12-09",2013-12-09,0.0249406175771971,1022700,-0.00690448791714615,4315,0.0451911935110081,0,4315,0,2.11394360757049,1.83459699386142
"2013-12-10",2013-12-10,-0.00115874855156431,1183600,-0.00805523590333712,4310,0.0440835266821346,4120,4315,3007,-1.16666666666666,1.8219658489027
"2013-12-11",2013-12-11,0.00116009280742459,881500,-0.00690448791714604,4315,0.00115874855156428,4310,4315,3007,-0.857142857142849,1.58832682619339
"2013-12-12",2013-12-12,-0.0220162224797219,1039500,-0.0287686996547755,4220,0,0,4315,3009,-4.16666666666671,1.45956113317189
"2013-12-13",2013-12-13,0.0213270142180095,3564600,-0.00805523590333701,4310,0.0208816705336426,4220,4310,3009,-0.279999999999996,1.69219960473521
"2013-12-16",2013-12-16,-0.0278422273781903,1183900,-0.0356731875719215,4190,0,0,4310,3011,-4.42857142857149,1.42094484923436
"2013-12-17",2013-12-17,0.00238663484486874,1305700,-0.0333716915995395,4200,0.00238095238095237,4190,4200,3011,-0.935483870967741,1.44713343226977
"2013-12-18",2013-12-18,0.00238095238095238,1710600,-0.0310701956271575,4210,0.00475059382422804,0,4210,0,1.99524940617579,1.47325875407768
"2013-12-19",2013-12-19,0.0213776722090261,2404200,-0.0103567318757189,4300,0.0255813953488372,0,4300,0,5.38488372093021,1.70561271908236
"2013-12-20",2013-12-20,-0.0127906976744186,1361200,-0.0230149597238203,4245,0.0129564193168433,4190,4300,3015,-2.22222222222226,1.5642056528958
"2013-12-24",2013-12-24,-0.00235571260306243,1405900,-0.0253164556962023,4235,0.0106257378984652,4190,4300,0,-1.1,1.53829823158996
"2013-12-25",2013-12-25,-0.0106257378984652,1267500,-0.0356731875719216,4190,0,4190,4245,3017,-1.40909090909091,1.42094484923436
"2013-12-26",2013-12-26,0.00835322195704057,859400,-0.0276179516685844,4225,0.00828402366863901,4190,4225,3017,-0.774193548387094,1.51232910459579
"2013-12-27",2013-12-27,0.0118343195266272,686000,-0.0161104718066741,4275,0.0198830409356725,0,4275,0,2.40016708437762,1.64156201290708
"2013-12-30",2013-12-30,0.00584795321637427,791100,-0.0103567318757191,4300,0.0255813953488372,0,4300,0,1.28659370725034,1.70561271908236
"2014-01-06",2014-01-06,-0.0325581395348837,1611400,-0.0425776754890678,4160,0,0,4300,3021,-4.11111111111116,1.38232856529683
"2014-01-07",2014-01-07,-0.0108173076923077,899400,-0.0529344073647869,4115,0,4115,4160,3022,-1.24324324324324,1.32440413939054
"2014-01-08",2014-01-08,0.0340218712029162,856700,-0.0207134637514382,4255,0.0329024676850764,4115,4255,3022,-0.391304347826084,1.68863450257725
"2014-01-09",2014-01-09,-0.00940070505287897,1025200,-0.0299194476409665,4215,0.0237247924080665,4115,4255,3024,-1.44444444444445,1.58581607336068
"2014-01-10",2014-01-10,-0.00474495848161329,1767600,-0.0345224395857305,4195,0.0190703218116806,4115,4255,0,-1.15384615384615,1.53403977853332
"2014-01-14",2014-01-14,-0.0417163289630513,1661000,-0.0747986191024164,4020,0,4020,4215,3026,-2.16666666666667,1.20211924025503
"2014-01-15",2014-01-15,0.027363184079602,899600,-0.0494821634062139,4130,0.0266343825665859,4020,4130,3026,-0.661538461538462,1.49267638876803
"2014-01-16",2014-01-16,-0.0278450363196126,980800,-0.0759493670886073,4015,0,0,4130,3028,-1.53488372093023,1.19568319293211
"2014-01-17",2014-01-17,0.0261519302615193,1506100,-0.0517836593785957,4120,0.0254854368932039,4015,4120,3028,-0.68181818181818,1.47337832699986
"2014-01-20",2014-01-20,-0.0133495145631068,713000,-0.0644418872266971,4065,0.0123001230012301,4015,4120,3030,-1.24444444444445,1.3288373331185
"2014-01-21",2014-01-21,-0.002460024600246,1000700,-0.0667433831990791,4055,0.00986436498150434,4015,4120,0,-1.03571428571429,1.30234222624908
"2014-01-22",2014-01-22,0.0345252774352651,1699300,-0.0345224395857304,4195,0.033373063170441,4055,4195,3030,3.38319427890345,1.61403394001535
"2014-01-23",2014-01-23,-0.0166865315852205,1548200,-0.0506329113924047,4125,0.016969696969697,4055,4195,3033,-1.46666666666667,1.4321864785584
"2014-01-24",2014-01-24,-0.0121212121212121,1472700,-0.0621403912543149,4075,0.00490797546012267,4055,4195,0,-1.22727272727273,1.30036570006419
"2014-01-27",2014-01-27,-0.0282208588957055,1703400,-0.0886075949367084,3960,0,3960,4125,3035,-1.42592592592593,1.12488667237998
"2014-01-28",2014-01-28,-0.00126262626262626,1143000,-0.0897583429228995,3955,0,3955,3960,3036,-1.01298701298701,1.11845062505705
"2014-01-29",2014-01-29,0.0518331226295828,1885300,-0.0425776754890675,4160,0.0492788461538461,3955,4160,3036,-0.474358974358972,1.65794146201362
"2014-01-30",2014-01-30,-0.0108173076923077,1512000,-0.0529344073647868,4115,0.0388821385176185,3955,4160,3038,-1.24324324324325,1.54186902876575
"2014-01-31",2014-01-31,-0.00729040097205346,1136800,-0.059838895281933,4085,0.0318237454100367,3955,4160,0,-1.1304347826087,1.46377568068445
"2014-02-03",2014-02-03,-0.0342717258261934,1054100,-0.0920598388952817,3945,0,3945,4115,3040,-1.53846153846154,1.10557853041121
"2014-02-04",2014-02-04,-0.0544993662864385,1634000,-0.141542002301496,3730,0,3730,3945,3041,-1.5375,0.828828495525592
"2014-02-05",2014-02-05,0.00670241286863271,1586400,-0.135788262370541,3755,0.00665778961384822,3730,3755,3041,-0.959349593495935,0.898245250939258
"2014-02-06",2014-02-06,0.00133155792276964,1129600,-0.13463751438435,3760,0.00797872340425532,0,3760,0,1.19840425531915,0.912069182045183
"2014-02-07",2014-02-07,0.0265957446808511,892000,-0.111622554660529,3860,0.0336787564766839,0,3860,0,4.22107081174439,1.18452848915223
"2014-02-10",2014-02-10,0.0466321243523316,1135000,-0.0701956271576523,4040,0.0767326732673267,0,4040,0,2.27837014470678,1.65702352566597
"2014-02-12",2014-02-12,-0.00866336633663366,950400,-0.0782508630609895,4005,0.0686641697877652,3730,4040,3046,-1.11475409836066,1.56684465858468
"2014-02-13",2014-02-13,-0.0224719101123595,608300,-0.0989643268124278,3915,0.0472541507024266,3730,4040,0,-1.26470588235294,1.33125117313255
"2014-02-14",2014-02-14,-0.0459770114942529,2064700,-0.140391254315305,3735,0.00133868808567605,3730,4040,0,-1.41860465116279,0.842751725075579
"2014-02-17",2014-02-17,0.0281124497991968,945300,-0.116225546605293,3840,0.0286458333333334,3730,4040,0,21.3984374999998,1.13063553756685
"2014-02-18",2014-02-18,0.0403645833333333,1315500,-0.0805523590333717,3995,0.0663329161451814,3730,4040,0,2.31562179997724,1.5409340368717
"2014-02-19",2014-02-19,-0.00375469336670839,851700,-0.0840046029919447,3980,0.0628140703517588,3730,4040,0,-1.04285714285714,1.50194525385876
"2014-02-20",2014-02-20,-0.0414572864321608,1051300,-0.121979286536249,3815,0.0222804718217562,3730,4040,0,-1.45205479452055,1.06285431063323
"2014-02-21",2014-02-21,0.0432503276539974,677400,-0.0840046029919449,3980,0.0628140703517588,3730,4040,0,2.81924327519953,1.50194525385876
"2014-02-24",2014-02-24,-0.0138190954773869,844300,-0.0966628308400461,3925,0.0496815286624204,3730,4040,0,-1.15068493150685,1.35769941095536
"2014-02-25",2014-02-25,0.021656050955414,687900,-0.0771001150747986,4010,0.0698254364089775,3730,4040,0,1.40546070720634,1.5797755831686
"2014-02-26",2014-02-26,-0.0311720698254364,1271700,-0.105868814729574,3885,0.0398970398970399,3730,4040,0,-1.37313432835821,1.25148711933432
"2014-02-27",2014-02-27,-0.00772200772200772,1059000,-0.11277330264672,3855,0.0324254215304799,3730,4040,0,-1.06521739130435,1.17108263332037
"2014-02-28",2014-02-28,-0.00778210116731518,1097100,-0.119677790563867,3825,0.0248366013071896,3730,4040,0,-1.06122448979592,1.09002264609738
"2014-03-03",2014-03-03,-0.0117647058823529,779300,-0.130034522439586,3780,0.0132275132275133,3730,4040,0,-1.08653846153846,0.967169459807962
"2014-03-04",2014-03-04,-0.00132275132275132,814500,-0.131185270425777,3775,0.0119205298013245,3730,4040,0,-1.00884955752212,0.953423552044556
"2014-03-05",2014-03-05,0.0172185430463576,863600,-0.116225546605293,3840,0.0286458333333334,3730,4040,0,2.40306712962963,1.13063553756685
"2014-03-06",2014-03-06,0.0169270833333333,970800,-0.10126582278481,3905,0.0448143405889885,3730,4040,0,1.56442788965196,1.3047334032064
"2014-03-07",2014-03-07,0.0256081946222791,1126600,-0.0782508630609897,4005,0.0686641697877652,3730,4040,0,1.53219190297842,1.56684465858468
"2014-03-10",2014-03-10,0.0162297128589263,1433000,-0.0632911392405064,4070,0.0823095823095823,3735,4070,3046,1.19872682599955,1.72683104429807
"2014-03-11",2014-03-11,-0.0147420147420147,726800,-0.0771001150747986,4010,0.0685785536159601,3735,4070,3065,-1.21818181818182,1.57280186106932
"2014-03-12",2014-03-12,-0.0286783042394015,910900,-0.103567318757192,3895,0.0410783055198973,3735,4070,0,-1.34328358208955,1.27096594415991
"2014-03-13",2014-03-13,-0.0128369704749679,779700,-0.115074798619103,3845,0.0286085825747724,3735,4070,0,-1.11111111111111,1.13686324418635
"2014-03-14",2014-03-14,-0.0377113133940182,2926800,-0.148446490218642,3700,0,3700,4010,3068,-1.29,0.790212211588062
"2014-03-17",2014-03-17,-0.0135135135135135,987600,-0.159953970080553,3650,0,3650,3700,3069,-1.07751937984496,0.725851738358847
"2014-03-18",2014-03-18,0.0547945205479452,1431700,-0.113924050632911,3850,0.051948051948052,3650,3850,3069,-0.712230215827338,1.27383519613901
"2014-03-19",2014-03-19,0.0103896103896104,1159300,-0.104718066743383,3890,0.0616966580976864,0,3890,0,1.18766066838046,1.37984679897694
"2014-03-20",2014-03-20,-0.025706940874036,903700,-0.127733026467204,3790,0.0369393139841688,3650,3890,3072,-1.21978021978022,1.11265988063194
"2014-03-24",2014-03-24,0,1219600,-0.127733026467204,3790,0.0369393139841688,3650,3890,0,-1,1.11265988063194
"2014-03-25",2014-03-25,-0.0145118733509235,833500,-0.140391254315305,3735,0.0227576974564926,3650,3890,0,-1.0990990990991,0.962546640708641
"2014-03-26",2014-03-26,0.00133868808567604,933400,-0.139240506329114,3740,0.0240641711229946,3650,3890,0,1.05740798993394,0.976289697424288
"2014-03-27",2014-03-27,0.0240641711229947,1174100,-0.118527042577676,3830,0.0469973890339426,3650,3890,0,1.95300261096606,1.22040231985644
"2014-03-28",2014-03-28,0.0143603133159269,727900,-0.105868814729574,3885,0.0604890604890604,3650,3890,0,1.28707278707279,1.36665674864951
"2014-03-31",2014-03-31,0.00772200772200772,667000,-0.0989643268124282,3915,0.0459770114942529,3735,3915,3072,-0.934782608695653,1.32410822916879
"2014-04-01",2014-04-01,-0.0114942528735632,841100,-0.109321058688147,3870,0.0348837209302325,3735,3915,3079,-1.1046511627907,1.20413985976339
"2014-04-02",2014-04-02,0.00258397932816537,1076200,-0.107019562715765,3880,0.0373711340206185,3735,3915,0,1.0713058419244,1.23092386957527
"2014-04-03",2014-04-03,0.0167525773195876,744400,-0.092059838895282,3945,0.0190114068441065,3870,3945,3079,-0.860215053763442,1.21190790538495
"2014-04-04",2014-04-04,0.0202788339670469,945900,-0.0736478711162255,4025,0.0385093167701863,0,4025,0,2.0255900621118,1.42393501283532
"2014-04-07",2014-04-07,0.00124223602484472,1052600,-0.0724971231300344,4030,0.0397022332506204,0,4030,0,1.0309773473145,1.43704295271204
"2014-04-08",2014-04-08,-0.00496277915632754,857800,-0.0771001150747986,4010,0.0349127182044888,3870,4030,3084,-1.06349206349207,1.38451136438889
"2014-04-09",2014-04-09,-0.0249376558603491,958000,-0.100115074798619,3910,0.0102301790281329,3870,4030,0,-1.29850746268657,1.11774282445632
"2014-04-10",2014-04-10,0.00383631713554987,831800,-0.0966628308400461,3925,0.0140127388535032,3870,4030,0,1.36974522292994,1.15820654030399
"2014-04-11",2014-04-11,-0.0152866242038217,2077500,-0.110471806674338,3865,0,3865,4010,3087,-1.14285714285714,1.00260177324447
"2014-04-14",2014-04-14,0.0103492884864166,1210500,-0.10126582278481,3905,0.0102432778489117,3865,3905,3087,-0.916666666666667,1.11138003785722
"2014-04-15",2014-04-15,0.0089628681177977,796600,-0.0932105868814731,3940,0.0190355329949239,0,3940,0,1.85834390862944,1.20560679381707
"2014-04-16",2014-04-16,0.0406091370558376,1294200,-0.0563866513233604,4100,0.0573170731707318,0,4100,0,3.0110569105691,1.62566609597065
"2014-04-17",2014-04-17,0.00975609756097561,974600,-0.0471806674338321,4140,0.0664251207729468,0,4140,0,1.15890636242162,1.72809510281556
"2014-04-18",2014-04-18,0.0277777777777778,1219400,-0.0207134637514387,4255,0.0916568742655699,0,4255,0,1.37985257985258,2.0172434992646
"2014-04-21",2014-04-21,0.00117508813160987,847900,-0.0195627157652476,4260,0.0927230046948356,0,4260,0,1.01163175635007,2.02964233425041
"2014-04-22",2014-04-22,-0.0187793427230047,728600,-0.037974683544304,4180,0.0753588516746412,3865,4260,3094,-1.94117647058823,1.82954916940667
"2014-04-23",2014-04-23,0.0203349282296651,708600,-0.0184119677790567,4265,0.0199296600234466,4180,4265,3094,-0.484848484848491,1.62895065532849
"2014-04-24",2014-04-24,-0.0117233294255569,618200,-0.029919447640967,4215,0.00830367734282322,4180,4265,3096,-1.62499999999999,1.49956693147806
"2014-04-25",2014-04-25,0.00830367734282325,473200,-0.0218642117376298,4250,0.0164705882352941,4180,4265,0,1.98352941176471,1.59029618385137
"2014-04-28",2014-04-28,-0.00352941176470588,566400,-0.0253164556962028,4235,0.012987012987013,4180,4265,0,-1.1578947368421,1.55150466635648
"2014-04-30",2014-04-30,-0.00826446280991736,725800,-0.03337169159954,4200,0.00476190476190474,4180,4265,0,-1.31818181818182,1.46044992065933
"2014-05-01",2014-05-01,0.00833333333333333,963300,-0.0253164556962028,4235,0.012987012987013,4180,4265,0,2.72727272727274,1.55150466635648
"2014-05-02",2014-05-02,0.00118063754427391,690300,-0.0241657077100117,4240,0.0141509433962265,4180,4265,0,1.08962264150944,1.56445048930723
"2014-05-07",2014-05-07,-0.0318396226415094,1284900,-0.0552359033371693,4105,0,4105,4250,3102,-2.28571428571427,1.31153204474469
"2014-05-08",2014-05-08,-0.0048721071863581,764600,-0.0598388952819334,4085,0,4085,4105,3103,-1.08333333333333,1.28578785545301
"2014-05-09",2014-05-09,-0.00244798041615667,934800,-0.0621403912543155,4075,0,4075,4085,3104,-1.03846153846154,1.27291576080716
"2014-05-12",2014-05-12,0.00858895705521472,901800,-0.0540851553509784,4110,0.0085158150851582,4075,4110,3104,-0.870370370370371,1.36559640820549
"2014-05-13",2014-05-13,-0.00608272506082725,817800,-0.0598388952819335,4085,0.00244798041615668,4075,4110,3106,-1.1063829787234,1.29947922662466
"2014-05-14",2014-05-14,-0.0391676866585067,2119200,-0.0966628308400462,3925,0,3925,4085,3107,-1.61538461538461,1.07983434111952
"2014-05-15",2014-05-15,-0.0165605095541401,1178600,-0.11162255466053,3860,0,3860,3925,3108,-1.15476190476191,0.996165725921545
"2014-05-16",2014-05-16,-0.00259067357512953,1055300,-0.113924050632912,3850,0,3850,3860,3109,-1.02061855670103,0.983293631275703
"2014-05-19",2014-05-19,-0.0012987012987013,938000,-0.115074798619103,3845,0,3845,3850,3110,-1.01010101010101,0.976857583952781
"2014-05-20",2014-05-20,0.0247074122236671,907100,-0.0932105868814732,3940,0.0241116751269036,3845,3940,3110,-0.810000000000001,1.23399727667808
"2014-05-21",2014-05-21,0.016497461928934,1164400,-0.0782508630609899,4005,0.0399500624219725,0,4005,0,1.6568762730797,1.40624880609625
"2014-05-22",2014-05-22,0.0287141073657928,1213400,-0.0517836593785963,4120,0.066747572815534,0,4120,0,1.67077518203884,1.70415436365402
"2014-05-23",2014-05-23,0.00606796116504854,1043000,-0.0460299194476412,4145,0.0723763570566948,0,4145,0,1.08432942208575,1.76781596906645
"2014-05-26",2014-05-26,0.00120627261761158,732500,-0.0448791714614502,4150,0.0734939759036145,0,4150,0,1.01544176706827,1.78050277491694
"2014-05-27",2014-05-27,-0.0192771084337349,1238200,-0.0632911392405067,4070,0.0552825552825553,3845,4150,3116,-1.41025641025641,1.57567090582188
"2014-05-28",2014-05-28,-0.00614250614250614,1065400,-0.0690448791714617,4045,0.0494437577255872,3845,4150,0,-1.09090909090909,1.51083471165919
"2014-05-29",2014-05-29,-0.00988875154511743,1247900,-0.0782508630609899,4005,0.0399500624219725,3845,4150,0,-1.13333333333333,1.40624880609625
"2014-05-30",2014-05-30,0.00249687890137328,1232000,-0.0759493670886079,4015,0.0423412204234122,3845,4150,0,1.05985367372354,1.43249446840289
"2014-06-02",2014-06-02,0.0410958904109589,1151100,-0.0379746835443041,4180,0.0418660287081339,4005,4180,3116,-0.500000000000002,1.64222631837638
"2014-06-03",2014-06-03,0.00478468899521531,846200,-0.0333716915995401,4200,0.0464285714285714,0,4200,0,1.10897959183673,1.69348846747678
"2014-06-04",2014-06-04,0.00119047619047619,678300,-0.032220943613349,4205,0.0475624256837098,0,4205,0,1.02442147626452,1.70626607674979
"2014-06-05",2014-06-05,-0.00475624256837099,836700,-0.0368239355581133,4185,0.043010752688172,4005,4205,3123,-1.14285714285714,1.65506472120686
"2014-06-06",2014-06-06,-0.003584229390681,826600,-0.0402761795166864,4170,0.039568345323741,4005,4205,0,-1.09375,1.61650345260384
"2014-06-09",2014-06-09,0.0251798561151079,1560100,-0.0161104718066748,4275,0.0245614035087719,4170,4275,3123,-0.400000000000006,1.66772774447956
"2014-06-10",2014-06-10,-0.00935672514619883,779600,-0.0253164556962029,4235,0.0153482880755608,4170,4275,3126,-1.57142857142855,1.56471110112299
"2014-06-11",2014-06-11,-0.00118063754427391,851800,-0.026467203682394,4230,0.0141843971631206,4170,4275,0,-1.04545454545455,1.55176549907473
"2014-06-12",2014-06-12,-0.008274231678487,744700,-0.034522439585731,4195,0.00595947556615017,4170,4275,0,-1.30434782608695,1.46071179717479
"2014-06-13",2014-06-13,-0.00357568533969011,2123800,-0.0379746835443041,4180,0.00239234449760761,4170,4275,0,-1.1,1.42145295823353
"2014-06-16",2014-06-16,-0.0251196172248804,1010000,-0.0621403912543157,4075,0,4075,4235,3130,-1.63636363636363,1.27291576080716
"2014-06-17",2014-06-17,-0.0049079754601227,656100,-0.0667433831990797,4055,0,4055,4075,3131,-1.07407407407407,1.24717157151548
"2014-06-18",2014-06-18,-0.00493218249075216,979500,-0.0713463751438438,4035,0,4035,4055,3132,-1.06896551724138,1.22142738222379
"2014-06-19",2014-06-19,0.0223048327137546,977200,-0.0506329113924053,4125,0.0218181818181818,4035,4125,3132,-0.70967741935484,1.45930369127897
"2014-06-20",2014-06-20,-0.00484848484848485,1188100,-0.0552359033371694,4105,0.0170523751522533,4035,4125,3134,-1.09090909090909,1.4069047021511
"2014-06-23",2014-06-23,0.00609013398294762,696600,-0.0494821634062144,4130,0.00605326876513312,4105,4130,3134,-0.895833333333335,1.37756776031583
"2014-06-24",2014-06-24,0.00121065375302663,541700,-0.0483314154200234,4135,0.00725513905683195,0,4135,0,1.19854897218865,1.39072577818852
"2014-06-25",2014-06-25,-0.00725513905683192,431700,-0.0552359033371695,4105,0,0,4135,3137,-1.14285714285714,1.31153204474469
"2014-06-26",2014-06-26,0.0243605359317905,760200,-0.0322209436133492,4205,0.023781212841855,4105,4205,3137,-0.583333333333338,1.57325953397645
"2014-06-27",2014-06-27,-0.0154577883472057,612300,-0.0471806674338325,4140,0.00845410628019327,4105,4205,3139,-1.46428571428571,1.40386755941738
"2014-06-30",2014-06-30,-0.0036231884057971,661100,-0.0506329113924056,4125,0.00484848484848488,4105,4205,0,-1.07317073170732,1.36439344675695
"2014-07-01",2014-07-01,0.0121212121212121,941800,-0.0391254315304953,4175,0.0167664670658683,4105,4205,0,3.45808383233531,1.49541030215261
"2014-07-02",2014-07-02,0.0143712574850299,677300,-0.025316455696203,4235,0.025974025974026,4125,4235,3139,1.54916512059369,1.6241400575723
"2014-07-03",2014-07-03,-0.00708382526564345,559100,-0.0322209436133492,4205,0.0190249702734839,4125,4235,3143,-1.27272727272727,1.54665822542179
"2014-07-04",2014-07-04,0.00594530321046373,405200,-0.0264672036823941,4230,0.024822695035461,4125,4235,0,1.30474290780142,1.61126470251748
"2014-07-07",2014-07-07,-0.0106382978723404,492700,-0.0368239355581133,4185,0.014336917562724,4125,4235,0,-1.39130434782608,1.49469410834324
"2014-07-08",2014-07-08,-0.010752688172043,818800,-0.0471806674338325,4140,0.00362318840579712,4125,4235,0,-1.28125,1.37684859746753
"2014-07-09",2014-07-09,-0.00241545893719807,383900,-0.0494821634062145,4130,0.00121065375302665,4125,4235,0,-1.04878048780488,1.3504833771506
"2014-07-10",2014-07-10,-0.00484261501210654,679800,-0.0540851553509786,4110,0,4110,4230,3148,-1.09302325581395,1.31796809206761
"2014-07-11",2014-07-11,-0.0109489051094891,1068900,-0.064441887226698,4065,0,4065,4110,3149,-1.19148936170213,1.26004366616132
"2014-07-14",2014-07-14,-0.002460024600246,800400,-0.0667433831990799,4055,0,4055,4065,3150,-1.03571428571428,1.24717157151548
"2014-07-15",2014-07-15,-0.00123304562268804,622700,-0.0678941311852709,4050,0,4050,4055,3151,-1.01724137931034,1.24073552419256
"2014-07-16",2014-07-16,0.00246913580246914,1121700,-0.0655926352128888,4060,0.00246305418719217,4050,4060,3151,-0.966101694915254,1.26738329648278
"2014-07-17",2014-07-17,-0.00862068965517241,509800,-0.0736478711162259,4025,0,0,4060,3153,-1.12280701754386,1.20855528757795
"2014-07-18",2014-07-18,-0.0124223602484472,809300,-0.0851553509781362,3975,0,3975,4025,3154,-1.15625,1.14419481434874
"2014-07-22",2014-07-22,0.00754716981132075,750400,-0.0782508630609901,4005,0.00749063670411987,3975,4005,3154,-0.918918918918919,1.22470566850064
"2014-07-23",2014-07-23,0.00624219725343321,502600,-0.072497123130035,4030,0.0136476426799007,0,4030,0,1.82196029776674,1.29132157852346
"2014-07-24",2014-07-24,0.00248138957816377,744900,-0.070195627157653,4040,0.0160891089108911,0,4040,0,1.17889288928893,1.31784861099107
"2014-07-25",2014-07-25,0.0148514851485149,533400,-0.0563866513233607,4100,0.0304878048780488,0,4100,0,1.89493433395872,1.47561200728819
"2014-07-28",2014-07-28,0.00609756097560976,675100,-0.0506329113924056,4125,0.0363636363636364,0,4125,0,1.19272727272727,1.54065532944069
"2014-07-29",2014-07-29,0.0133333333333333,650600,-0.0379746835443042,4180,0.0490430622009569,0,4180,0,1.34868421052631,1.68236692931144
"2014-07-30",2014-07-30,0,663900,-0.0379746835443042,4180,0.0490430622009569,0,4180,0,-1,1.68236692931144
"2014-07-31",2014-07-31,-0.0131578947368421,750800,-0.0506329113924056,4125,0.0363636363636364,3975,4180,3162,-1.33333333333333,1.54065532944069
"2014-08-01",2014-08-01,-0.00363636363636364,611500,-0.0540851553509786,4110,0.0328467153284672,3975,4180,0,-1.06818181818182,1.50167731145655
"2014-08-04",2014-08-04,-0.0024330900243309,586600,-0.0563866513233607,4100,0.0304878048780488,3975,4180,0,-1.04255319148936,1.47561200728819
"2014-08-05",2014-08-05,-0.0024390243902439,641300,-0.0586881472957428,4090,0.0281173594132029,3975,4180,0,-1.04081632653061,1.44948218864785
"2014-08-06",2014-08-06,-0.0158924205378973,773000,-0.0736478711162261,4025,0.0124223602484472,3975,4180,0,-1.25490196078431,1.27803261830613
"2014-08-07",2014-08-07,0.0136645962732919,705700,-0.0609896432681247,4080,0.0257352941176471,3975,4180,0,2.07169117647059,1.42328738116439
"2014-08-08",2014-08-08,-0.0318627450980392,1516500,-0.0909090909090913,3950,0,3950,4125,3168,-1.49056603773584,1.11201457773413
"2014-08-11",2014-08-11,0.0253164556962025,723100,-0.067894131185271,4050,0.0246913580246914,3950,4050,3168,-0.746835443037978,1.37883244082512
"2014-08-12",2014-08-12,0.00123456790123457,565900,-0.0667433831990798,4055,0.0258939580764488,0,4055,0,1.04870530209618,1.39199454019118
"2014-08-13",2014-08-13,0.0332922318125771,1214200,-0.0356731875719222,4190,0.0572792362768496,0,4190,0,2.21206955335834,1.74130332886884
"2014-08-14",2014-08-14,0.00119331742243437,779200,-0.0345224395857313,4195,0.0584028605482717,0,4195,0,1.01961660707191,1.7540237226089
"2014-08-15",2014-08-15,0,774200,-0.0345224395857313,4195,0.0584028605482717,0,4195,0,-1,1.7540237226089
"2014-08-18",2014-08-18,0.0297973778307509,1628200,-0.00575373993095551,4320,0.0856481481481481,0,4320,0,1.46650604686319,2.0673057591995
"2014-08-19",2014-08-19,0.0138888888888889,1109100,0,4380,0.0981735159817352,0,4380,0,1.1462421325435,2.16953944025315
"2014-08-20",2014-08-20,-0.00228310502283105,560400,-0.00228310502283102,4370,0.0961098398169337,3950,4380,3176,0,2.14522821854196
"2014-08-21",2014-08-21,-0.0011441647597254,899000,-0.00342465753424659,4365,0.0950744558991982,3950,4380,0,-1.50000000000002,2.13305277609484
"2014-08-22",2014-08-22,-0.0011454753722795,560400,-0.00456621004566204,4360,0.0940366972477065,3950,4380,0,-1.33333333333331,2.12086405193964
"2014-08-25",2014-08-25,0.00344036697247706,648300,-0.00114155251141557,4375,0.0971428571428572,3950,4380,0,1.03303135888502,2.15739042481828
"2014-08-26",2014-08-26,-0.0137142857142857,603200,-0.0148401826484018,4315,0.0845886442641947,3950,4380,0,-12.9999999999995,2.01056023954964
"2014-08-27",2014-08-27,-0.00926998841251448,543900,-0.023972602739726,4275,0.0760233918128655,3950,4380,0,-1.61538461538462,1.91157848215626
"2014-08-28",2014-08-28,-0.0140350877192982,708900,-0.0376712328767124,4215,0.0628706998813761,3950,4380,0,-1.57142857142857,1.7614010483571
"2014-08-29",2014-08-29,0.00237247924080664,621300,-0.0353881278538815,4225,0.0650887573964497,3950,4380,0,1.03527966953221,1.78657571340084
"2014-09-01",2014-09-01,-0.00473372781065089,400900,-0.0399543378995434,4205,0.06064209274673,3950,4380,0,-1.12903225806451,1.73616738008101
"2014-09-02",2014-09-02,0.00237812128418549,603300,-0.0376712328767123,4215,0.0628706998813761,3950,4380,0,1.0367501686321,1.7614010483571
"2014-09-03",2014-09-03,-0.00948991696322657,779000,-0.0468036529680365,4175,0.0538922155688623,3950,4380,0,-1.24242424242424,1.66010811610542
"2014-09-04",2014-09-04,-0.00479041916167665,899700,-0.0513698630136986,4155,0.049338146811071,3950,4380,0,-1.09756097560976,1.60909907965118
"2014-09-05",2014-09-05,0.00120336943441637,900300,-0.050228310502283,4160,0.0504807692307693,3950,4380,0,1.02315900562852,1.62187429901015
"2014-09-08",2014-09-08,-0.00721153846153846,517300,-0.057077625570776,4130,0.0435835351089588,3950,4380,0,-1.13636363636363,1.54499087868064
"2014-09-09",2014-09-09,-0.00968523002421308,705400,-0.0662100456621003,4090,0.0342298288508558,3950,4380,0,-1.16,1.44159935818254
"2014-09-10",2014-09-10,-0.0110024449877751,1479300,-0.0764840182648401,4045,0.0234857849196539,3950,4380,0,-1.1551724137931,1.32404716546122
"2014-09-11",2014-09-11,0.030902348578492,1378100,-0.0479452054794518,4170,0.052757793764988,3950,4380,0,2.24637132399343,1.64737876217673
"2014-09-12",2014-09-12,-0.00599520383693046,3022400,-0.0536529680365293,4145,0.0470446320868516,3950,4380,0,-1.11904761904762,1.58350238808665
"2014-09-16",2014-09-16,0.0060313630880579,892300,-0.0479452054794517,4170,0.052757793764988,3950,4380,0,1.12144130849167,1.64737876217673
"2014-09-17",2014-09-17,-0.00719424460431655,601200,-0.0547945205479448,4140,0.0458937198067633,3950,4380,0,-1.14285714285714,1.57068080415924
"2014-09-18",2014-09-18,0.0169082125603865,849100,-0.0388127853881274,4210,0.0617577197149644,3950,4380,0,1.34566820852607,1.74879161590127
"2014-09-19",2014-09-19,0.0130641330166271,823900,-0.0262557077625567,4265,0.0738569753810082,3950,4380,0,1.19591487059248,1.88669264182425
"2014-09-22",2014-09-22,-0.00468933177022274,553800,-0.0308219178082187,4245,0.0694935217903416,3950,4380,0,-1.17391304347826,1.83674970172717
"2014-09-24",2014-09-24,-0.00117785630153121,405900,-0.0319634703196343,4240,0.0683962264150944,3950,4380,0,-1.03703703703704,1.82422799313389
"2014-09-25",2014-09-25,0.0212264150943396,722100,-0.0114155251141549,4330,0.0877598152424942,3950,4380,0,1.28310902285578,2.04745021454854
"2014-09-26",2014-09-26,-0.0184757505773672,721700,-0.0296803652968034,4250,0.0705882352941176,3950,4380,0,-2.60000000000006,1.84925697010663
"2014-09-29",2014-09-29,0.00941176470588235,616300,-0.020547945205479,4290,0.0792540792540792,3950,4380,0,1.12276612276612,1.94880132827586
"2014-09-30",2014-09-30,-0.0268065268065268,1076700,-0.0468036529680361,4175,0.0538922155688623,3950,4380,0,-2.27777777777781,1.66010811610542
"2014-10-01",2014-10-01,-0.0179640718562874,834600,-0.0639269406392691,4100,0.0365853658536586,3950,4380,0,-1.36585365853659,1.46754293570718
"2014-10-02",2014-10-02,-0.0292682926829268,1382300,-0.0913242009132417,3980,0.00753768844221103,3950,4380,0,-1.42857142857143,1.1518506256253
"2014-10-03",2014-10-03,0,848300,-0.0913242009132417,3980,0.00753768844221103,3950,4380,0,-1,1.1518506256253
"2014-10-06",2014-10-06,0.0138190954773869,780500,-0.0787671232876709,4035,0.0210656753407683,3950,4380,0,2.79471292854194,1.29774243835351
"2014-10-07",2014-10-07,-0.0136307311028501,813100,-0.0913242009132418,3980,0.00753768844221103,3950,4380,0,-1.15942028985507,1.1518506256253
"2014-10-08",2014-10-08,-0.0226130653266332,1924900,-0.111872146118721,3890,0,3890,4375,3209,-1.225,0.994769779584384
"2014-10-09",2014-10-09,-0.0179948586118252,1859300,-0.127853881278538,3820,0,3820,3890,3210,-1.14285714285714,0.905385131490022
"2014-10-10",2014-10-10,-0.0117801047120419,1583800,-0.138127853881278,3775,0,3775,3820,3211,-1.08035714285714,0.847923572000788
"2014-10-14",2014-10-14,-0.0145695364238411,1499900,-0.150684931506849,3720,0,3720,3775,3212,-1.09090909090909,0.777692777069504
"2014-10-15",2014-10-15,0.00268817204301075,1577000,-0.148401826484018,3730,0.00268096514745308,3720,3730,3212,-0.984848484848485,0.805456449840292
"2014-10-16",2014-10-16,-0.0214477211796247,1715800,-0.166666666666667,3650,0,0,3730,3214,-1.12307692307692,0.688308128975141
"2014-10-17",2014-10-17,-0.0356164383561644,2254000,-0.19634703196347,3520,0,3520,3650,3215,-1.17808219178082,0.522308068228469
"2014-10-20",2014-10-20,0.0553977272727273,1925300,-0.151826484018265,3715,0.0524899057873486,3520,3715,3215,-0.773255813953488,1.06488027216292
"2014-10-21",2014-10-21,-0.018842530282638,1382000,-0.167808219178082,3645,0.0342935528120714,3520,3715,3217,-1.10526315789474,0.873724784354894
"2014-10-22",2014-10-22,0.0342935528120713,1437400,-0.139269406392694,3770,0.03315649867374,3645,3770,3217,-0.829931972789116,1.02698076872335
"2014-10-23",2014-10-23,0.00397877984084881,1155800,-0.135844748858447,3785,0.0369881109643329,0,3785,0,1.11556142668428,1.06756454253045
"2014-10-24",2014-10-24,0.00792602377807133,840300,-0.128995433789954,3815,0.0445609436435125,0,3815,0,1.20473694064782,1.14822653500495
"2014-10-27",2014-10-27,0.00262123197903014,882200,-0.126712328767123,3825,0.0470588235294118,0,3825,0,1.0560553633218,1.17496622561663
"2014-10-28",2014-10-28,0.00392156862745098,861500,-0.123287671232876,3840,0.05078125,0,3840,0,1.0791015625,1.21493933130789
"2014-10-29",2014-10-29,0.00651041666666667,796900,-0.117579908675799,3865,0.0569210866752911,0,3865,0,1.12090755299035,1.28120206670917
"2014-10-30",2014-10-30,0.00388098318240621,2783900,-0.114155251141552,3880,0.0605670103092784,0,3880,0,1.0640522492971,1.32074729776357
"2014-10-31",2014-10-31,0.0425257731958763,2647600,-0.0764840182648395,4045,0.0988875154511742,0,4045,0,1.6326959997896,1.74576339851529
"2014-11-04",2014-11-04,0.0234857849196539,1961600,-0.0547945205479445,4140,0.119565217391304,0,4140,0,1.20910326086957,1.98271997389444
"2014-11-05",2014-11-05,0.00966183574879227,1625100,-0.0456621004566203,4180,0.12799043062201,0,4180,0,1.07046541974772,2.0809185024125
"2014-11-06",2014-11-06,-0.0203349282296651,1310500,-0.0650684931506843,4095,0.10989010989011,3645,4180,3228,-1.42500000000001,1.87114626258806
"2014-11-07",2014-11-07,0.0134310134310134,838000,-0.0525114155251135,4150,0.121686746987952,3645,4180,0,1.10734939759036,2.00735476551808
"2014-11-10",2014-11-10,-0.00481927710843374,688000,-0.0570776255707757,4130,0.117433414043584,3645,4180,0,-1.08695652173913,1.9580277219503
"2014-11-11",2014-11-11,0.026634382566586,1396900,-0.0319634703196341,4240,0.0341981132075472,4095,4240,3228,-0.559999999999995,1.63296050659504
"2014-11-12",2014-11-12,0.017688679245283,2009900,-0.0148401826484011,4315,0.0509849362688297,0,4315,0,1.49086986055061,1.82261721685562
"2014-11-13",2014-11-13,0.0347624565469293,2154400,0,4465,0.0828667413213886,0,4465,0,1.62531813091723,2.08392979569372
"2014-11-14",2014-11-14,0.00335946248600224,2216500,0,4480,0.0859375,0,4480,0,1.03705658783784,2.1011043190559
"2014-11-17",2014-11-17,-0.0290178571428571,1245200,-0.0290178571428571,4350,0.0586206896551724,4095,4480,3235,0,1.78602874193332
"2014-11-18",2014-11-18,0.0183908045977011,1363700,-0.0111607142857143,4430,0.0756207674943566,4095,4480,0,1.29000132784491,1.98098256730533
"2014-11-19",2014-11-19,-0.00112866817155756,858600,-0.0122767857142858,4425,0.0745762711864407,4095,4480,0,-1.10000000000001,1.96889867373065
"2014-11-20",2014-11-20,0.00112994350282486,976500,-0.0111607142857143,4430,0.0756207674943566,4095,4480,0,1.01400574594705,1.98098256730533
"2014-11-21",2014-11-21,-0.00112866817155756,1010400,-0.0122767857142857,4425,0.0745762711864407,4095,4480,0,-1.1,1.96889867373065
"2014-11-25",2014-11-25,-0.0112994350282486,701400,-0.0234375,4375,0.0639999999999999,4095,4480,0,-1.90909090909091,1.8473253415717
"2014-11-26",2014-11-26,0.0114285714285714,671000,-0.0122767857142858,4425,0.0745762711864407,4095,4480,0,1.16525423728814,1.96889867373065
"2014-11-27",2014-11-27,-0.0214689265536723,771900,-0.0334821428571429,4330,0.0542725173210161,4095,4480,0,-2.72727272727271,1.73674132391336
"2014-11-28",2014-11-28,0.0300230946882217,919600,-0.00446428571428581,4460,0.0818385650224215,4095,4480,0,1.50791909168972,2.05321086690928
"2014-12-01",2014-12-01,0.00112107623318386,896400,-0.00334821428571441,4465,0.0828667413213886,4095,4480,0,1.01256346929697,2.06520348389589
"2014-12-02",2014-12-02,0.00671892497200448,677600,0,4495,0.0367074527252503,4330,4495,3235,0,1.82576435081602
"2014-12-03",2014-12-03,0.0100111234705228,1033000,0,4540,0.0462555066079295,0,4540,0,1.26011213456147,1.87916590125812
"2014-12-04",2014-12-04,0.0220264317180617,807800,0,4640,0.0668103448275862,0,4640,0,1.44437602627258,1.99412757234875
"2014-12-05",2014-12-05,0.00969827586206897,1008100,0,4685,0.0757737459978656,0,4685,0,1.13416187558096,2.04425920394708
"2014-12-08",2014-12-08,0.0469583778014941,2089700,0,4905,0.117227319062181,0,4905,0,1.54707039382062,2.27610593420226
"2014-12-09",2014-12-09,0.0122324159021407,2289500,0,4965,0.127895266868077,0,4965,0,1.09100223302246,2.3357709675033
"2014-12-10",2014-12-10,-0.0392749244712991,2112900,-0.0392749244712991,4770,0.0922431865828093,4330,4965,3251,0,1.9167098401628
"2014-12-11",2014-12-11,-0.0209643605870021,2051900,-0.0594159113796575,4670,0.0728051391862955,4330,4965,0,-1.51282051282051,1.69534726483052
"2014-12-12",2014-12-12,0.00642398286937901,3035400,-0.05337361530715,4700,0.0787234042553191,4330,4965,0,1.08128911138924,1.76224178773157
"2014-12-15",2014-12-15,-0.0106382978723404,1388000,-0.0634441087613292,4650,0.0688172043010753,4330,4965,0,-1.18867924528302,1.65051363728077
"2014-12-16",2014-12-16,-0.00645161290322581,1630000,-0.0694864048338367,4620,0.0627705627705628,4330,4965,0,-1.09523809523809,1.58290111444298
"2014-12-17",2014-12-17,0.0162337662337662,1594200,-0.054380664652568,4695,0.0777422790202343,4330,4965,0,1.23851492783959,1.75112207617013
"2014-12-18",2014-12-18,0.0692225772097977,2270300,0,5020,0.0796812749003984,4620,5020,3251,1.02494133056814,2.06611372051732
"2014-12-19",2014-12-19,0.00796812749003984,1489800,0,5060,0.0869565217391305,0,5060,0,1.09130434782609,2.1068036313422
"2014-12-22",2014-12-22,0.00197628458498024,884200,0,5070,0.0887573964497042,0,5070,0,1.0207100591716,2.11687578875545
"2014-12-24",2014-12-24,0.0335305719921105,1237100,0,5240,0.118320610687023,0,5240,0,1.33307888040712,2.28222063239827
"2014-12-25",2014-12-25,-0.00381679389312977,785100,-0.00381679389312972,5220,0.114942528735632,4620,5240,3261,0,2.24198023052614
"2014-12-26",2014-12-26,0,442900,-0.00381679389312972,5220,0.114942528735632,4620,5240,0,-1,2.24198023052614
"2014-12-29",2014-12-29,-0.00574712643678161,728100,-0.00954198473282453,5190,0.109826589595376,4620,5240,0,-2.50000000000006,2.18134660229285
"2014-12-30",2014-12-30,-0.0192678227360308,738100,-0.0286259541984732,5090,0.0923379174852652,4620,5240,0,-2.99999999999996,1.97679855638669
"2015-01-05",2015-01-05,-0.00589390962671906,845000,-0.0343511450381678,5060,0.0869565217391305,4620,5240,0,-1.2,1.91468024923316
"2015-01-06",2015-01-06,-0.0355731225296443,1354800,-0.068702290076336,4880,0.0532786885245902,4620,5240,0,-2.00000000000001,1.53419926762948
"2015-01-07",2015-01-07,-0.00307377049180328,1124700,-0.0715648854961832,4865,0.0503597122302158,4620,5240,0,-1.04166666666667,1.501863369935
"2015-01-08",2015-01-08,0.0113052415210689,1068300,-0.0610687022900763,4920,0.0609756097560976,4620,5240,0,1.21080139372822,1.61994165667281
"2015-01-09",2015-01-09,-0.00813008130081301,1912600,-0.068702290076336,4880,0.0532786885245902,4620,5240,0,-1.125,1.53419926762948
"2015-01-13",2015-01-13,-0.0276639344262295,1844700,-0.094465648854962,4745,0.0263435194942044,4620,5240,0,-1.375,1.23946034746874
"2015-01-14",2015-01-14,-0.0126448893572181,1392400,-0.105916030534351,4685,0.0138740661686233,4620,5240,0,-1.12121212121212,1.10567850131663
"2015-01-15",2015-01-15,0.0416221985058698,1541800,-0.068702290076336,4880,0.0532786885245902,4620,5240,0,3.84016393442622,1.53419926762948
"2015-01-16",2015-01-16,-0.0348360655737705,2185000,-0.101145038167939,4710,0.0191082802547771,4620,5240,0,-1.47222222222222,1.16163687185217
"2015-01-19",2015-01-19,0.0159235668789809,764200,-0.0868320610687022,4785,0.0344827586206896,4620,5240,0,1.80459770114942,1.32767658737952
"2015-01-20",2015-01-20,0.0229885057471264,834000,-0.0658396946564885,4895,0.0561797752808989,4620,5240,0,1.62921348314607,1.56643511047705
"2015-01-21",2015-01-21,-0.0122574055158325,660100,-0.0772900763358778,4835,0.0444674250258531,4620,5240,0,-1.17391304347826,1.43688768510931
"2015-01-22",2015-01-22,-0.00517063081695967,907300,-0.08206106870229,4810,0.0395010395010394,4620,5240,0,-1.06172839506173,1.3824272596633
"2015-01-23",2015-01-23,-0.00831600831600832,1230300,-0.0896946564885496,4770,0.0314465408805031,4620,5240,0,-1.09302325581395,1.29468496705723
"2015-01-26",2015-01-26,-0.0010482180293501,1293800,-0.0906488549618318,4765,0.0304302203567681,4620,5240,0,-1.01063829787234,1.28366400185225
"2015-01-27",2015-01-27,0.0220356768100735,742800,-0.0706106870229007,4870,0.0513347022587269,4620,5240,0,1.68696452595058,1.51265317677488
"2015-01-28",2015-01-28,-0.0154004106776181,818300,-0.0849236641221375,4795,0.0364963503649635,4620,5240,0,-1.2027027027027,1.34961197646306
"2015-01-29",2015-01-29,0.00208550573514077,625400,-0.0830152671755725,4805,0.0385015608740895,4620,5240,0,1.05494276795005,1.37150048992597
"2015-01-30",2015-01-30,0.0135275754422477,762200,-0.0706106870229007,4870,0.0513347022587269,4620,5240,0,1.33331483434153,1.51265317677488
"2015-02-02",2015-02-02,-0.0308008213552361,1038700,-0.099236641221374,4720,0.0211864406779662,4620,5240,0,-1.40540540540541,1.18393338872222
"2015-02-03",2015-02-03,-0.0116525423728814,1172700,-0.109732824427481,4665,0.00964630225080387,4620,5240,0,-1.10576923076923,1.06068589182737
"2015-02-04",2015-02-04,0.0321543408360129,1065800,-0.0811068702290078,4815,0.0404984423676013,4620,5240,0,4.19833852544132,1.3933424198282
"2015-02-05",2015-02-05,-0.0311526479750779,682200,-0.109732824427481,4665,0.00964630225080387,4620,5240,0,-1.35294117647059,1.06068589182736
"2015-02-06",2015-02-06,0.007502679528403,589700,-0.103053435114504,4700,0.0170212765957447,4620,5240,0,1.7645390070922,1.13929089542621
"2015-02-09",2015-02-09,-0.0234042553191489,1027500,-0.124045801526718,4590,0,4590,5220,3289,-1.2037037037037,0.926683436406725
"2015-02-10",2015-02-10,0.014161220043573,773000,-0.111641221374046,4655,0.0139634801288937,4590,4655,3289,-0.9,1.07415802321658
"2015-02-12",2015-02-12,0.0386680988184748,1001300,-0.077290076335878,4835,0.0506721820062047,0,4835,0,3.62890780367511,1.47159042631066
"2015-02-13",2015-02-13,-0.00103412616339193,981600,-0.0782442748091605,4830,0.0496894409937888,4590,4835,3292,-1.01234567901235,1.46075726879817
"2015-02-16",2015-02-16,0.0072463768115942,664600,-0.0715648854961832,4865,0.0071942446043165,4830,4865,3292,-0.914634146341461,1.26044214157736
"2015-02-17",2015-02-17,0,565900,-0.0715648854961832,4865,0.0071942446043165,0,4865,0,-1,1.26044214157736
"2015-02-18",2015-02-18,0.0298047276464543,926900,-0.0438931297709925,5010,0.0359281437125748,0,5010,0,4.99401197604793,1.57591474560952
"2015-02-19",2015-02-19,-0.0119760479041916,715500,-0.0553435114503817,4950,0.0242424242424243,4830,5010,3296,-1.26086956521739,1.44651626422768
"2015-02-20",2015-02-20,0.0141414141414141,808600,-0.0419847328244273,5020,0.0139442231075697,4950,5020,3296,-0.758620689655168,1.46363384497043
"2015-02-23",2015-02-23,0.00796812749003984,773700,-0.0343511450381678,5060,0.0217391304347826,0,5060,0,1.55900621118012,1.5499242629102
"2015-02-24",2015-02-24,0.0118577075098814,807800,-0.0229007633587786,5120,0.033203125,0,5120,0,1.52734375,1.67808265350071
"2015-02-25",2015-02-25,-0.017578125,528900,-0.0400763358778625,5030,0.0159045725646123,4950,5120,3300,-1.75,1.48527145392808
"2015-02-26",2015-02-26,0.025844930417495,1100500,-0.015267175572519,5160,0.0251937984496124,5030,5160,3300,1.58406007751938,1.6759811747269
"2015-02-27",2015-02-27,0.00968992248062015,1071300,-0.00572519083969469,5210,0.0345489443378119,0,5210,0,1.37132732910084,1.78167141134153
"2015-03-02",2015-03-02,0.0307101727447217,1630500,0,5370,0.0633147113594041,0,5370,0,1.83260914545831,1.9745767561016
"2015-03-03",2015-03-03,-0.0130353817504655,629000,-0.0130353817504656,5300,0.0509433962264151,5030,5370,3304,0,1.83247900279396
"2015-03-04",2015-03-04,-0.00943396226415094,712200,-0.0223463687150838,5250,0.0419047619047619,5030,5370,0,-1.71428571428571,1.72985094489308
"2015-03-05",2015-03-05,-0.0114285714285714,684700,-0.0335195530726259,5190,0.0308285163776493,5030,5370,0,-1.50000000000001,1.60541154950501
"2015-03-06",2015-03-06,-0.00578034682080925,750400,-0.0391061452513968,5160,0.0251937984496124,5030,5370,0,-1.16666666666666,1.54265160228872
"2015-03-09",2015-03-09,0.0155038759689922,931900,-0.0242085661080075,5240,0.0400763358778626,5030,5370,0,1.59072225484439,1.70920956444654
"2015-03-10",2015-03-10,-0.0133587786259542,1017600,-0.0372439478584731,5170,0.0270793036750484,5030,5370,0,-1.53846153846154,1.5636122224188
"2015-03-11",2015-03-11,0.00580270793036751,632300,-0.0316573556797021,5200,0.0326923076923077,5030,5370,0,1.20728021978022,1.62625072535796
"2015-03-12",2015-03-12,0.00769230769230769,716200,-0.0242085661080077,5240,0.0400763358778626,5030,5370,0,1.22586439155815,1.70920956444654
"2015-03-13",2015-03-13,0.0458015267175573,3132300,0,5480,0.0583941605839416,5160,5480,3304,1.45707334028502,1.94705648404747
"2015-03-16",2015-03-16,0.0182481751824818,1757100,0,5580,0.0752688172043011,0,5580,0,1.28897849462366,2.04143517501192
"2015-03-17",2015-03-17,-0.00896057347670251,976900,-0.00896057347670265,5530,0.0669077757685352,5160,5580,3314,0,1.94455667978632
"2015-03-18",2015-03-18,0.00361663652802893,773900,-0.0053763440860215,5550,0.0702702702702702,5160,5580,0,1.05025566106647,1.98340918637106
"2015-03-19",2015-03-19,-0.0216216216216216,1129400,-0.0268817204301075,5430,0.0497237569060773,5160,5580,0,-5,1.74821611592599
"2015-03-20",2015-03-20,-0.00736648250460405,925300,-0.0340501792114696,5390,0.0426716141001855,5160,5580,0,-1.26666666666667,1.66868135603566
"2015-03-23",2015-03-23,0.00371057513914657,641400,-0.0304659498207884,5410,0.0462107208872459,5160,5580,0,1.08293819818372,1.70852164190813
"2015-03-24",2015-03-24,-0.0184842883548983,1005700,-0.0483870967741935,5310,0.0282485875706214,5160,5580,0,-1.58823529411765,1.50782914216804
"2015-03-25",2015-03-25,0,912200,-0.0483870967741935,5310,0.0282485875706214,5160,5580,0,-1,1.50782914216804
"2015-03-26",2015-03-26,-0.0263653483992467,1000700,-0.0734767025089605,5170,0.00193423597678921,5160,5580,0,-1.51851851851852,1.22033065777149
"2015-03-27",2015-03-27,-0.00773694390715667,1166200,-0.0806451612903226,5130,0,5130,5550,3322,-1.09756097560976,1.16941996756599
"2015-03-30",2015-03-30,0.0214424951267057,1157800,-0.060931899641577,5240,0.0209923664122137,5130,5240,3322,-0.755555555555554,1.39708349742081
"2015-03-31",2015-03-31,-0.017175572519084,1333700,-0.0770609318996415,5150,0.00388349514563102,5130,5240,3324,-1.26470588235294,1.2111863917414
"2015-04-01",2015-04-01,0.00194174757281553,1447300,-0.0752688172043009,5160,0.0058139534883721,5130,5240,0,1.49709302325583,1.23200646401059
"2015-04-02",2015-04-02,0.0542635658914729,1800700,-0.0250896057347669,5440,0.0533088235294118,5150,5440,3324,9.16911764705881,1.77829028841746
"2015-04-03",2015-04-03,0.00183823529411765,754000,-0.0232974910394261,5450,0.055045871559633,0,5450,0,1.03258462511863,1.79802863129059
"2015-04-06",2015-04-06,-0.0110091743119266,796000,-0.0340501792114694,5390,0.0445269016697588,5150,5450,3328,-1.46153846153848,1.67905784049507
"2015-04-07",2015-04-07,0.0111317254174397,697300,-0.0232974910394264,5450,0.0110091743119266,5390,5450,3328,-0.684210526315788,1.5517346808927
"2015-04-08",2015-04-08,0.0605504587155963,1826200,0,5780,0.0674740484429066,0,5780,0,6.12889273356402,1.99783961697352
"2015-04-09",2015-04-09,0.00173010380622837,849100,0,5790,0.0690846286701209,0,5790,0,1.02386962490589,2.00684747158991
"2015-04-10",2015-04-10,-0.00690846286701209,1289900,-0.00690846286701219,5750,0.0626086956521739,5390,5790,3332,0,1.93198954758046
"2015-04-13",2015-04-13,0.00173913043478261,637600,-0.00518134715025909,5760,0.0642361111111112,5390,5790,0,1.02599344135803,1.95075118927094
"2015-04-14",2015-04-14,0.00173611111111111,587200,-0.00345423143350598,5770,0.0658578856152513,5390,5790,0,1.02524708417256,1.96948128152361
"2015-04-15",2015-04-15,-0.0259965337954939,918900,-0.0293609671848013,5620,0.0409252669039146,5390,5790,0,-8.50000000000013,1.68514057868101
"2015-04-16",2015-04-16,0,763000,-0.0293609671848013,5620,0.0409252669039146,5390,5790,0,-1,1.68514057868101
"2015-04-17",2015-04-17,-0.0106761565836299,774100,-0.0397236614853194,5560,0.0305755395683454,5390,5790,0,-1.35294117647059,1.56929755534155
"2015-04-20",2015-04-20,0.00719424460431655,1157500,-0.0328151986183073,5600,0.0375,5390,5790,0,1.22647058823529,1.64666405959175
"2015-04-21",2015-04-21,0.00357142857142857,638000,-0.0293609671848013,5620,0.0409252669039146,5390,5790,0,1.09134045077106,1.68514057868101
"2015-04-22",2015-04-22,0.0373665480427046,1181600,0,5830,0.0463121783876501,5560,5830,3332,1.13162801103736,1.87948286227872
"2015-04-23",2015-04-23,0.00686106346483705,1183900,0,5870,0.0528109028960818,0,5870,0,1.14032431068206,1.9158297418534
"2015-04-24",2015-04-24,-0.010221465076661,769000,-0.010221465076661,5810,0.0430292598967298,5560,5870,3342,0,1.80395385614461
"2015-04-27",2015-04-27,-0.00344234079173838,773700,-0.0136286201022146,5790,0.0397236614853195,5560,5870,0,-1.33333333333332,1.76640992879836
"2015-04-28",2015-04-28,0.00345423143350604,1084400,-0.010221465076661,5810,0.0430292598967298,5560,5870,0,1.0832148469655,1.80395385614461
"2015-04-30",2015-04-30,-0.0395869191049914,1636300,-0.0494037478705281,5580,0.00358422939068104,5560,5870,0,-4.83333333333333,1.36419718018687
"2015-05-01",2015-05-01,0.017921146953405,1209700,-0.0323679727427596,5680,0.0211267605633803,5560,5870,0,5.89436619718304,1.55759105822694
"2015-05-07",2015-05-07,-0.0334507042253521,1012600,-0.0647359454855194,5490,0,5490,5810,3347,-2.00000000000001,1.25839902033775
"2015-05-08",2015-05-08,0,1358100,-0.0647359454855194,5490,0,5490,5490,3347,-1,1.25839902033775
"2015-05-11",2015-05-11,0.0109289617486339,674200,-0.0545144804088584,5550,0.0108108108108108,0,5550,0,-0.842105263157894,1.37603096455567
"2015-05-12",2015-05-12,-0.0036036036036036,629300,-0.0579216354344121,5530,0.00723327305605792,5490,5550,3350,-1.0625,1.33696610082394
"2015-05-13",2015-05-13,0.0054249547920434,632700,-0.0528109028960817,5560,0.00539568345323738,5530,5560,3350,-0.911764705882354,1.35527254418114
"2015-05-14",2015-05-14,-0.0251798561151079,651600,-0.0766609880749572,5420,0,0,5560,3352,-1.45161290322581,1.19170315003906
"2015-05-15",2015-05-15,0.136531365313653,2772700,0,6160,0.12012987012987,5420,6160,3352,0,2.29233968499132
"2015-05-18",2015-05-18,-0.038961038961039,1791400,-0.0389610389610389,5920,0.0844594594594594,5420,6160,3354,0,1.8749315753355
"2015-05-19",2015-05-19,0.035472972972973,1374700,-0.00487012987012991,6130,0.115823817292007,5420,6160,0,1.37135399673736,2.24101798218487
"2015-05-20",2015-05-20,0.00978792822185971,1193000,0,6190,0.0436187399030694,5920,6190,3354,0,1.86441866250939
"2015-05-21",2015-05-21,0.0161550888529887,1204800,0,6290,0.0588235294117647,0,6290,0,1.34858387799564,1.9494579117519
"2015-05-22",2015-05-22,0.0095389507154213,756200,0,6350,0.0677165354330709,0,6350,0,1.1511811023622,1.99919582855296
"2015-05-25",2015-05-25,0.0141732283464567,878700,0,6440,0.0807453416149069,0,6440,0,1.19240213780153,2.07206496597811
"2015-05-26",2015-05-26,-0.0077639751552795,798400,-0.0077639751552796,6390,0.0735524256651017,5920,6440,3360,0,1.98841219394525
"2015-05-27",2015-05-27,-0.00782472613458529,800600,-0.015527950310559,6340,0.0662460567823344,5920,6440,0,-1.99999999999997,1.90412488815328
"2015-05-28",2015-05-28,-0.00473186119873817,821300,-0.0201863354037267,6310,0.0618066561014263,5920,6440,0,-1.3,1.85324165352815
"2015-05-29",2015-05-29,-0.00475435816164818,1246300,-0.0248447204968945,6280,0.0573248407643312,5920,6440,0,-1.23076923076923,1.80212119690682
"2015-06-01",2015-06-01,0.00955414012738853,1458100,-0.0155279503105589,6340,0.0662460567823344,5920,6440,0,1.15562565720295,1.90412488815328
"2015-06-02",2015-06-02,-0.00630914826498423,696900,-0.0217391304347825,6300,0.0603174603174603,5920,6440,0,-1.4,1.836228026673
"2015-06-03",2015-06-03,-0.00158730158730159,985300,-0.0232919254658382,6290,0.0588235294117647,5920,6440,0,-1.07142857142857,1.81918791663656
"2015-06-04",2015-06-04,0.0127186009538951,1190700,-0.0108695652173911,6370,0.0706436420722135,5920,6440,0,1.20094191522763,1.95477425242737
"2015-06-05",2015-06-05,-0.0298273155416013,1445800,-0.0403726708074533,6180,0.0420711974110033,5920,6440,0,-3.71428571428577,1.62996204835905
"2015-06-08",2015-06-08,-0.0372168284789644,1870000,-0.076086956521739,5950,0.00504201680672267,5920,6440,0,-1.88461538461539,1.22311328800683
"2015-06-09",2015-06-09,-0.0235294117647059,1571800,-0.0978260869565217,5810,0,5810,6390,3370,-1.28571428571429,1.07332833676048
"2015-06-10",2015-06-10,0.0189328743545611,1746300,-0.0807453416149068,5920,0.018581081081081,5810,5920,3370,-0.825396825396825,1.27278226171411
"2015-06-11",2015-06-11,0.0388513513513514,1525100,-0.045031055900621,6150,0.0552845528455285,0,6150,0,2.97531411677754,1.67780935691304
"2015-06-12",2015-06-12,-0.0048780487804878,2067900,-0.0496894409937887,6120,0.0506535947712419,5810,6150,3373,-1.10344827586207,1.62585475612987
"2015-06-15",2015-06-15,0.00490196078431373,726600,-0.045031055900621,6150,0.00487804878048781,6120,6150,3373,-0.906249999999999,1.39588955393389
"2015-06-16",2015-06-16,-0.0113821138211382,777100,-0.0559006211180123,6080,0,0,6150,3375,-1.24137931034483,1.3078143279681
"2015-06-17",2015-06-17,0.0180921052631579,819600,-0.0388198757763973,6190,0.0177705977382876,6080,6190,3375,-0.694444444444443,1.50273528027154
"2015-06-18",2015-06-18,-0.0177705977382876,694400,-0.0559006211180123,6080,0,0,6190,3377,-1.44,1.3078143279681
"2015-06-19",2015-06-19,0,1451100,-0.0559006211180123,6080,0,6080,6080,3377,-1,1.3078143279681
"2015-06-22",2015-06-22,0.0131578947368421,865200,-0.0434782608695652,6160,0.012987012987013,0,6160,0,-0.777777777777779,1.44992704991211
"2015-06-23",2015-06-23,0.0292207792207792,931900,-0.0155279503105589,6340,0.0410094637223974,0,6340,0,3.1577287066246,1.76297851279382
"2015-06-24",2015-06-24,0.00473186119873817,974200,-0.0108695652173911,6370,0.0455259026687598,0,6370,0,1.11013162661514,1.81429261666929
"2015-06-25",2015-06-25,0.0282574568288854,1502400,0,6550,0.0717557251908397,0,6550,0,1.57615161884707,2.02178671442825
"2015-06-26",2015-06-26,-0.0122137404580153,802900,-0.0122137404580154,6470,0.0602782071097373,6080,6550,3383,0,1.88928327933467
"2015-06-29",2015-06-29,-0.0417310664605873,1147900,-0.0534351145038168,6200,0.0193548387096775,6080,6550,0,-4.37499999999996,1.42985388553602
"2015-06-30",2015-06-30,0.0225806451612903,916800,-0.0320610687022902,6340,0.0410094637223974,6080,6550,0,2.11882229232386,1.67051001956894
"2015-07-01",2015-07-01,-0.00315457413249211,607000,-0.0351145038167939,6320,0.0379746835443038,6080,6550,0,-1.09523809523809,1.63645908730097
"2015-07-02",2015-07-02,0.0237341772151899,909000,-0.0122137404580155,6470,0.0602782071097373,6080,6550,0,1.58732612055642,1.88928327933467
"2015-07-03",2015-07-03,0.00309119010819165,560400,-0.00916030534351175,6490,0.0631741140215717,6080,6550,0,1.0480423531271,1.92255750382277
"2015-07-06",2015-07-06,-0.0231124807395994,1138600,-0.0320610687022903,6340,0.0410094637223974,6080,6550,0,-3.49999999999991,1.67051001956894
"2015-07-07",2015-07-07,0.0205047318611987,885400,-0.0122137404580154,6470,0.0602782071097373,6080,6550,0,1.46986089644513,1.88928327933467
"2015-07-08",2015-07-08,-0.0370942812982998,1377100,-0.0488549618320613,6230,0.0240770465489567,6080,6550,0,-3.99999999999998,1.48188129134715
"2015-07-09",2015-07-09,0.014446227929374,1684200,-0.035114503816794,6320,0.0379746835443038,6080,6550,0,1.57721518987341,1.63645908730097
"2015-07-10",2015-07-10,0.0284810126582278,2869500,-0.00763358778625978,6500,0.0646153846153846,6080,6550,0,1.70153846153846,1.93915723931947
"2015-07-13",2015-07-13,0.0323076923076923,1265600,0,6710,0.0760059612518629,6200,6710,3383,1.17628273365978,2.04555796647525
"2015-07-14",2015-07-14,0.00894187779433681,1095700,0,6770,0.0841949778434269,0,6770,0,1.10774176731254,2.09135852310794
"2015-07-15",2015-07-15,-0.00886262924667651,872500,-0.00886262924667636,6710,0.0760059612518629,6200,6770,3396,0,1.9959899447002
"2015-07-16",2015-07-16,0.00745156482861401,808500,-0.00147710487444597,6760,0.0828402366863905,6200,6770,0,1.08991762385428,2.07552022029224
"2015-07-17",2015-07-17,0.0103550295857988,696400,0,6830,0.0175695461200586,6710,6830,3396,0,1.71872747215037
"2015-07-21",2015-07-21,0.0146412884333821,1053400,0,6930,0.0317460317460317,0,6930,0,1.80687830687831,1.7980154947725
"2015-07-22",2015-07-22,-0.025974025974026,657800,-0.0259740259740261,6750,0.00592592592592589,6710,6930,3400,0,1.50833479380508
"2015-07-23",2015-07-23,0.0133333333333333,516100,-0.012987012987013,6840,0.0190058479532164,6710,6930,0,3.20723684210528,1.65412520954231
"2015-07-24",2015-07-24,0.010233918128655,622400,-0.00288600288600283,6910,0.0289435600578871,6710,6930,0,1.52287654458422,1.76620028241168
"2015-07-27",2015-07-27,-0.0101302460202605,588300,-0.0129870129870128,6840,0.0190058479532164,6710,6930,0,-4.50000000000002,1.65412520954231
"2015-07-28",2015-07-28,-0.00730994152046784,954900,-0.0202020202020201,6790,0.0117820324005891,6710,6930,0,-1.55555555555557,1.57336995492973
"2015-07-29",2015-07-29,0.0147275405007364,730300,-0.00577200577200565,6890,0.0261248185776488,6710,6930,0,2.21734397677795,1.73429407432191
"2015-07-30",2015-07-30,0.0159651669085631,1345100,0,7000,0.0357142857142857,6750,7000,3400,1.36706349206349,1.82020964208844
"2015-07-31",2015-07-31,0.00428571428571429,888900,0,7030,0.0398293029871978,0,7030,0,1.11522048364154,1.84322462557824
"2015-08-03",2015-08-03,0.00284495021337127,732200,0,7050,0.0425531914893617,0,7050,0,1.06838905775076,1.85845913001593
"2015-08-04",2015-08-04,-0.00709219858156028,1036300,-0.00709219858156018,7000,0.0357142857142857,6750,7050,3409,0,1.78054350645994
"2015-08-05",2015-08-05,0.00142857142857143,1040900,-0.00567375886524824,7010,0.0370898716119828,6750,7050,0,1.03851640513552,1.79617028251257
"2015-08-06",2015-08-06,-0.00713266761768902,898000,-0.0127659574468086,6960,0.0301724137931034,6750,7050,0,-2.25000000000002,1.71781532325728
"2015-08-07",2015-08-07,-0.0114942528735632,1160700,-0.024113475177305,6880,0.0188953488372093,6750,7050,0,-1.88888888888887,1.59127772633918
"2015-08-10",2015-08-10,0.0203488372093023,1345800,-0.00425531914893618,7020,0.0384615384615384,6750,7050,0,2.03550295857988,1.81177513962238
"2015-08-11",2015-08-11,0.0170940170940171,1534200,0,7140,0.0364145658263305,6880,7140,3409,0,1.82412625632067
"2015-08-12",2015-08-12,-0.0490196078431373,1751400,-0.0490196078431373,6790,0,0,7140,3415,0,1.3462993199891
"2015-08-13",2015-08-13,0.00589101620029455,1391700,-0.0434173669467787,6830,0.00585651537335286,6790,6830,3415,-0.885714285714284,1.41038728581539
"2015-08-14",2015-08-14,0.0102489019033675,922900,-0.0336134453781513,6900,0.0159420289855072,0,6900,0,2.72210144927536,1.52162740753257
"2015-08-17",2015-08-17,0.00579710144927536,608200,-0.0280112044817927,6940,0.021613832853026,0,6940,0,1.35577678805345,1.58468229573727
"2015-08-18",2015-08-18,-0.0187319884726225,819000,-0.046218487394958,6810,0.00293685756240825,6790,6940,3419,-1.65,1.37839140136329
"2015-08-19",2015-08-19,-0.013215859030837,831900,-0.0588235294117647,6720,0,6720,6810,3420,-1.27272727272727,1.29146672073794
"2015-08-20",2015-08-20,-0.0148809523809524,876100,-0.072829131652661,6620,0,6620,6720,3421,-1.23809523809524,1.21313443609342
"2015-08-21",2015-08-21,-0.040785498489426,1215700,-0.110644257703081,6350,0,6350,6620,3422,-1.51923076923077,1.00163726755322
"2015-08-24",2015-08-24,-0.062992125984252,2160600,-0.166666666666667,5950,0,5950,6350,3423,-1.50632911392405,0.68830812897514
"2015-08-25",2015-08-25,-0.053781512605042,3477800,-0.211484593837535,5630,0,5630,5950,3424,-1.26890756302521,0.437644818112679
"2015-08-26",2015-08-26,0.0550621669626998,1775200,-0.168067226890756,5940,0.0521885521885522,5630,5940,3424,-0.794701986754967,0.972361565211327
"2015-08-27",2015-08-27,0.00841750841750842,1204700,-0.161064425770308,5990,0.0601001669449082,0,5990,0,1.15159674726695,1.0557767764728
"2015-08-28",2015-08-28,0.0550918196994992,1262900,-0.11484593837535,6320,0.109177215189873,0,6320,0,1.81658755274262,1.58875757192203
"2015-08-31",2015-08-31,-0.0158227848101266,981100,-0.128851540616246,6220,0.094855305466238,5630,6320,3428,-1.12195121951219,1.43032391856599
"2015-09-01",2015-09-01,-0.0530546623794212,1350900,-0.175070028011205,5890,0.0441426146010186,5630,6320,0,-1.35869565217391,0.888195096412682
"2015-09-02",2015-09-02,-0.00169779286926995,1179500,-0.176470588235294,5880,0.0425170068027211,5630,6320,0,-1.008,0.871269965251982
"2015-09-03",2015-09-03,0.00510204081632653,870000,-0.172268907563025,5910,0.0473773265651438,5630,6320,0,1.11431472081218,0.921953055153411
"2015-09-04",2015-09-04,-0.0321489001692047,1192200,-0.198879551820728,5720,0.0157342657342657,5630,6320,0,-1.15447154471545,0.596144444419613
"2015-09-07",2015-09-07,-0.00524475524475524,1009400,-0.203081232492997,5690,0.0105448154657294,5630,6320,0,-1.02112676056338,0.543620552241591
"2015-09-08",2015-09-08,0.00175746924428822,1693000,-0.201680672268908,5700,0.012280701754386,5630,6320,0,1.16461988304094,0.561162462741616
"2015-09-09",2015-09-09,0.107017543859649,2781900,-0.11624649859944,6310,0.107765451664025,5630,6320,0,8.77518677835633,1.57302845576525
"2015-09-10",2015-09-10,-0.01743264659271,1208900,-0.131652661064426,6200,0.0919354838709677,5630,6320,0,-1.13253012048193,1.39832711808041
"2015-09-11",2015-09-11,0.0112903225806452,2569400,-0.121848739495798,6270,0.10207336523126,5630,6320,0,1.11027169198914,1.50986012869182
"2015-09-14",2015-09-14,-0.0127591706539075,894200,-0.133053221288515,6190,0.0904684975767367,5630,6320,0,-1.09195402298851,1.38228914511495
"2015-09-15",2015-09-15,0.0145395799676898,1202200,-0.120448179271709,6280,0.103503184713376,5630,6320,0,1.14407984531392,1.52569023046004
"2015-09-16",2015-09-16,0.00636942675159236,774700,-0.11484593837535,6320,0.0996835443037974,5690,6320,3428,-0.953488372093024,1.53566018150793
"2015-09-17",2015-09-17,0.00316455696202532,619100,-0.112044817927171,6340,0.102523659305994,0,6340,0,1.02849131240298,1.56721118898658
"2015-09-18",2015-09-18,-0.0220820189274448,1049900,-0.131652661064426,6200,0.082258064516129,5690,6340,3442,-1.175,1.34420203623894
"2015-09-24",2015-09-24,-0.00967741935483871,892600,-0.140056022408963,6140,0.0732899022801303,5690,6340,0,-1.06382978723404,1.24704440556983
"2015-09-25",2015-09-25,0.0244299674267101,1043000,-0.119047619047619,6290,0.095389507154213,5690,6340,0,1.30153683094859,1.48814426785891
"2015-09-28",2015-09-28,-0.00635930047694754,735500,-0.124649859943977,6250,0.0896,5690,6340,0,-1.04705882352941,1.42443107398493
"2015-09-29",2015-09-29,-0.0528,1463100,-0.170868347338935,5920,0.0388513513513513,5690,6340,0,-1.37078651685393,0.882101142641295
"2015-09-30",2015-09-30,0.0337837837837838,892200,-0.142857142857143,6120,0.0702614379084967,5690,6340,0,1.80846831486218,1.21443997417083
"2015-10-01",2015-10-01,0.0212418300653595,931200,-0.124649859943977,6250,0.0896,5690,6340,0,1.27523720930233,1.42443107398493
"2015-10-02",2015-10-02,0.0064,665000,-0.119047619047619,6290,0.095389507154213,5690,6340,0,1.06461503520327,1.48814426785891
"2015-10-05",2015-10-05,0.0095389507154213,716900,-0.110644257703081,6350,0.0677165354330709,5920,6350,3442,-0.929411764705881,1.38037077986126
"2015-10-06",2015-10-06,0.0094488188976378,953200,-0.102240896358543,6410,0.0764430577223089,0,6410,0,1.12886841055037,1.47617693640126
"2015-10-07",2015-10-07,0.0078003120124805,935800,-0.095238095238095,6460,0.0835913312693498,0,6460,0,1.09351108864598,1.55532283743527
"2015-10-08",2015-10-08,-0.0325077399380805,1161800,-0.124649859943977,6250,0.0528,5920,6460,3453,-1.30882352941177,1.21861142943576
"2015-10-09",2015-10-09,0.0368,1589300,-0.092436974789916,6480,0.0354938271604939,6250,6480,3453,-0.741573033707866,1.3019835552504
"2015-10-13",2015-10-13,0.0185185185185185,1295000,-0.0756302521008402,6600,0.053030303030303,0,6600,0,1.49407114624506,1.49406249329581
"2015-10-14",2015-10-14,-0.0121212121212121,1430800,-0.0868347338935572,6520,0.0414110429447853,6250,6600,3456,-1.14814814814815,1.36641101393004
"2015-10-15",2015-10-15,0.0184049079754601,839500,-0.0700280112044818,6640,0.0180722891566265,6520,6640,3456,-0.806451612903227,1.32987785308772
"2015-10-16",2015-10-16,-0.00753012048192771,1064400,-0.0770308123249299,6590,0.0106221547799696,6520,6640,3458,-1.1,1.24904366703592
"2015-10-19",2015-10-19,-0.0136570561456753,944600,-0.0896358543417366,6500,0,6500,6590,3459,-1.16363636363636,1.11913569452
"2015-10-20",2015-10-20,-0.00461538461538462,762000,-0.0938375350140055,6470,0,6470,6500,3460,-1.046875,1.09563600912664
"2015-10-21",2015-10-21,0.0185471406491499,881800,-0.0770308123249297,6590,0.0182094081942337,6470,6590,3460,-0.820895522388058,1.29147860727582
"2015-10-22",2015-10-22,-0.0182094081942337,669500,-0.0938375350140054,6470,0,0,6590,3462,-1.21818181818182,1.09563600912664
"2015-10-23",2015-10-23,0.0370942812982998,1127200,-0.060224089635854,6710,0.0357675111773472,6470,6710,3462,-0.641791044776117,1.48367850414659
"2015-10-26",2015-10-26,0.0014903129657228,623300,-0.0588235294117643,6720,0.0372023809523809,0,6720,0,1.04011656746032,1.49953685182495
"2015-10-27",2015-10-27,0.00446428571428571,870400,-0.0546218487394953,6750,0.0414814814814815,0,6750,0,1.11502222222222,1.546969226074
"2015-10-28",2015-10-28,0.00148148148148148,975000,-0.0532212885154058,6760,0.0428994082840237,0,6760,0,1.03418216398986,1.56273281297584
"2015-10-29",2015-10-29,0,559900,-0.0532212885154058,6760,0.0428994082840237,0,6760,0,-1,1.56273281297584
"2015-10-30",2015-10-30,0.0133136094674556,1346900,-0.0406162464985992,6850,0.0554744525547445,0,6850,0,1.29312861817266,1.70356315018824
"2015-11-02",2015-11-02,-0.0335766423357664,808100,-0.0728291316526607,6620,0.0226586102719033,6470,6850,3469,-1.79310344827586,1.33986234674943
"2015-11-04",2015-11-04,0.0166163141993958,861200,-0.0574229691876748,6730,0.0386329866270431,6470,6850,0,1.7050024764735,1.51537135070921
"2015-11-05",2015-11-05,0.00742942050520059,469200,-0.0504201680672265,6780,0.0457227138643068,6470,6850,0,1.1835148627184,1.59418980661636
"2015-11-06",2015-11-06,0.00294985250737463,525200,-0.0476190476190473,6800,0.0485294117647059,6470,6850,0,1.06138519924099,1.62555391474682
"2015-11-09",2015-11-09,0.0220588235294118,969400,-0.026610644257703,6950,0.0474820143884892,6620,6950,3469,-0.558823529411766,1.73719432661374
"2015-11-10",2015-11-10,0.00143884892086331,492600,-0.0252100840336134,6960,0.0488505747126436,0,6960,0,1.02882270985719,1.75268181049834
"2015-11-11",2015-11-11,0.0028735632183908,583300,-0.0224089635854342,6980,0.0515759312320917,0,6980,0,1.055789651104,1.78359098237568
"2015-11-12",2015-11-12,-0.0544412607449857,1949800,-0.0756302521008404,6600,0,0,6980,3476,-3.375,1.19746797916452
"2015-11-13",2015-11-13,0,1201700,-0.0756302521008404,6600,0,6600,6600,3476,-1,1.19746797916452
"2015-11-16",2015-11-16,-0.00151515151515152,733200,-0.0770308123249299,6590,0,0,6600,3478,-1.01851851851852,1.18963475070006
"2015-11-17",2015-11-17,0.00151745068285281,1047200,-0.0756302521008402,6600,0.00151515151515147,6590,6600,3478,-0.98181818181818,1.2059421081397
"2015-11-18",2015-11-18,0.0121212121212121,963600,-0.0644257703081231,6680,0.0134730538922155,0,6680,0,8.89221556886252,1.33548758848577
"2015-11-19",2015-11-19,0.0329341317365269,1334300,-0.033613445378151,6900,0.0449275362318841,0,6900,0,3.33462157809985,1.68374117923167
"2015-11-20",2015-11-20,0.0072463768115942,809600,-0.0266106442577028,6950,0.0517985611510792,0,6950,0,1.15293571594338,1.7613364494495
"2015-11-24",2015-11-24,0.0201438848920863,1091300,-0.00700280112044793,7090,0.0705218617771509,0,7090,0,1.36146372042,1.97571966642045
"2015-11-25",2015-11-25,-0.00564174894217207,841900,-0.0126050420168066,7050,0.0652482269503546,6590,7090,3484,-1.80000000000004,1.91489170784706
"2015-11-26",2015-11-26,0.00425531914893617,907100,-0.00840336134453767,7080,0.0692090395480226,6590,7090,0,1.06070375829035,1.96054392152786
"2015-11-27",2015-11-27,-0.00141242937853107,763700,-0.00980392156862731,7070,0.0678925035360679,6590,7090,0,-1.16666666666667,1.945347405726
"2015-11-30",2015-11-30,-0.0226308345120226,1584600,-0.0322128851540615,6910,0.0463096960926194,6590,7090,0,-3.28571428571432,1.69930472430608
"2015-12-01",2015-12-01,0.0173661360347323,1217300,-0.0154061624649857,7030,0.0625889046941679,6590,7090,0,1.35152916073969,1.88435186065974
"2015-12-02",2015-12-02,0.00284495021337127,624700,-0.0126050420168066,7050,0.0652482269503546,6590,7090,0,1.0424887169568,1.91489170784706
"2015-12-03",2015-12-03,-0.00567375886524823,736700,-0.0182072829131651,7010,0.0599144079885877,6590,7090,0,-1.44444444444445,1.85372714391316
"2015-12-04",2015-12-04,-0.0242510699001427,1019800,-0.042016806722689,6840,0.0365497076023392,6590,7090,0,-2.30769230769233,1.5898852402214
"2015-12-07",2015-12-07,0.0131578947368421,545100,-0.0294117647058822,6930,0.049062049062049,6590,7090,0,1.34233766233766,1.73036488530678
"2015-12-08",2015-12-08,-0.0404040404040404,2162200,-0.0686274509803921,6650,0.00902255639097749,6590,7090,0,-2.33333333333334,1.28709660380514
"2015-12-09",2015-12-09,-0.0075187969924812,1388500,-0.0756302521008404,6600,0.00151515151515147,6590,7090,0,-1.10204081632653,1.20594210813969
"2015-12-10",2015-12-10,-0.00606060606060606,1706900,-0.0812324929971989,6560,0,6560,7080,3495,-1.07407407407407,1.16613506530671
"2015-12-11",2015-12-11,0.0198170731707317,3304000,-0.0630252100840338,6690,0.0194319880418535,6560,6690,3495,-0.77586206896552,1.37664868946572
"2015-12-14",2015-12-14,-0.00896860986547085,937600,-0.0714285714285716,6630,0.0105580693815988,6560,6690,3497,-1.13333333333333,1.28001815605912
"2015-12-15",2015-12-15,-0.00754147812971342,833100,-0.0784313725490197,6580,0.00303951367781152,6560,6690,0,-1.09803921568627,1.19880129464783
"2015-12-16",2015-12-16,0.0167173252279635,997900,-0.0630252100840338,6690,0.0164424514200299,6580,6690,3497,5.40956651718988,1.35992843498555
"2015-12-17",2015-12-17,0.0194319880418535,1253400,-0.0448179271708685,6820,0.0351906158357771,0,6820,0,2.14022927219408,1.56661748480599
"2015-12-18",2015-12-18,-0.00879765395894428,1484600,-0.0532212885154063,6760,0.0266272189349113,6580,6820,3501,-1.1875,1.47172367634891
"2015-12-21",2015-12-21,-0.0118343195266272,1164700,-0.0644257703081234,6680,0.0149700598802395,6580,6820,0,-1.21052631578947,1.3438602308864
"2015-12-22",2015-12-22,-0.0029940119760479,637600,-0.0672268907563027,6660,0.012012012012012,6580,6820,0,-1.04347826086957,1.31164963371842
"2015-12-24",2015-12-24,-0.0045045045045045,575100,-0.0714285714285714,6630,0.0075414781297134,6580,6820,0,-1.0625,1.26314658705877
"2015-12-25",2015-12-25,0,0,-0.0714285714285714,6630,0.0075414781297134,6580,6820,0,-1,1.26314658705877
"2015-12-28",2015-12-28,-0.00150829562594268,919500,-0.0728291316526611,6620,0.0060422960725075,6580,6820,0,-1.01960784313726,1.24692854560169
"2015-12-29",2015-12-29,0.00604229607250755,575200,-0.0672268907563027,6660,0.012012012012012,6580,6820,0,1.987987987988,1.31164963371842
"2015-12-30",2015-12-30,0.003003003003003,483800,-0.0644257703081234,6680,0.0149700598802395,6580,6820,0,1.24625748502994,1.3438602308864
"2016-01-04",2016-01-04,-0.0329341317365269,1166600,-0.0952380952380953,6460,0,6460,6760,3509,-1.47826086956522,1.08780278066219
"2016-01-05",2016-01-05,-0.0108359133126935,874300,-0.105042016806723,6390,0,6390,6460,3510,-1.10294117647059,1.03297018141102
"2016-01-06",2016-01-06,0.00156494522691706,1132500,-0.103641456582633,6400,0.00156250000000002,6390,6400,3510,-0.986666666666667,1.04954235538113
"2016-01-07",2016-01-07,-0.0234375,1217900,-0.124649859943978,6250,0,0,6400,3512,-1.2027027027027,0.923304982908698
"2016-01-08",2016-01-08,0,1698300,-0.124649859943978,6250,0,6250,6250,3512,-1,0.923304982908698
"2016-01-12",2016-01-12,-0.0192,1416000,-0.141456582633053,6130,0,0,6250,3514,-1.13483146067416,0.829306241335275
"2016-01-13",2016-01-13,0.0522022838499184,1344900,-0.0966386554621849,6450,0.0496124031007752,6130,6450,3514,-0.683168316831683,1.35744800794316
"2016-01-14",2016-01-14,-0.0263565891472868,1367500,-0.120448179271709,6280,0.0238853503184714,6130,6450,3516,-1.2463768115942,1.08039364418467
"2016-01-15",2016-01-15,0.00159235668789809,1219700,-0.119047619047619,6290,0.0254372019077902,6130,6450,0,1.06497085320615,1.09690626239115
"2016-01-18",2016-01-18,-0.0095389507154213,1093300,-0.127450980392157,6230,0.0160513643659711,6130,6450,0,-1.07058823529412,0.997412605010592
"2016-01-19",2016-01-19,-0.00321027287319422,1140100,-0.130252100840336,6210,0.0128824476650563,6130,6450,0,-1.02197802197802,0.964022634250487
"2016-01-20",2016-01-20,-0.0450885668276973,1503900,-0.169467787114846,5930,0,5930,6290,3520,-1.30107526881721,0.672641672046237
"2016-01-21",2016-01-21,-0.0404721753794266,2034700,-0.203081232492997,5690,0,5690,5930,3521,-1.19834710743802,0.484644188899391
"2016-01-22",2016-01-22,0.0562390158172232,1515100,-0.158263305322129,6010,0.0532445923460898,5690,6010,3521,-0.779310344827586,1.03310051799113
"2016-01-25",2016-01-25,0.00499168053244592,1034500,-0.15406162464986,6040,0.0579470198675497,0,6040,0,1.08831746688742,1.08290052841126
"2016-01-26",2016-01-26,-0.0149006622516556,1024900,-0.166666666666667,5950,0.0436974789915966,5690,6040,3524,-1.08181818181818,0.932704857066041
"2016-01-27",2016-01-27,0.0201680672268908,1223700,-0.149859943977591,6070,0.0197693574958814,5950,6070,3524,-0.899159663865546,0.892875406765079
"2016-01-28",2016-01-28,0,1042600,-0.149859943977591,6070,0.0197693574958814,0,6070,0,-1,0.892875406765079
"2016-01-29",2016-01-29,0.0395387149917628,1943200,-0.11624649859944,6310,0.0570522979397782,0,6310,0,2.88589540412045,1.28939358420297
"2016-02-01",2016-02-01,0.00158478605388273,1568700,-0.11484593837535,6320,0.0585443037974683,0,6320,0,1.02615154711674,1.30557148971349
"2016-02-02",2016-02-02,0.00949367088607595,912800,-0.106442577030812,6380,0.067398119122257,0,6380,0,1.15123273743963,1.40208958667009
"2016-02-03",2016-02-03,-0.0297805642633229,986500,-0.133053221288515,6190,0.0387722132471728,5950,6380,3530,-1.25,1.0931556976904
"2016-02-04",2016-02-04,-0.012924071082391,1365900,-0.144257703081232,6110,0.0261865793780688,5950,6380,0,-1.08421052631579,0.960099362111608
"2016-02-05",2016-02-05,-0.00818330605564648,1535600,-0.15126050420168,6060,0.0181518151815182,5950,6380,0,-1.04854368932039,0.875995385252109
"2016-02-08",2016-02-08,-0.00495049504950495,1566000,-0.155462184873949,6030,0.0132669983416253,5950,6380,0,-1.02777777777778,0.82517528503064
"2016-02-09",2016-02-09,-0.0696517412935323,1698200,-0.214285714285714,5610,0,5610,6190,3534,-1.37837837837838,0.421978361183776
"2016-02-10",2016-02-10,-0.0249554367201426,2130300,-0.233893557422969,5470,0,5470,5610,3535,-1.09150326797386,0.312313162681449
"2016-02-12",2016-02-12,-0.0511882998171846,2658900,-0.273109243697479,5190,0,5190,5470,3536,-1.16766467065868,0.0929827656767948
"2016-02-15",2016-02-15,0.0712909441233141,1591900,-0.221288515406162,5560,0.0665467625899281,5190,5560,3536,-0.81025641025641,0.755003279246213
"2016-02-16",2016-02-16,-0.0305755395683453,1899700,-0.245098039215686,5390,0.0371057513914657,5190,5560,3538,-1.10759493670886,0.45717702415391
"2016-02-17",2016-02-17,0.00556586270871985,1851500,-0.240896358543417,5420,0.0424354243542435,5190,5560,0,1.14363468634686,0.510485171361458
"2016-02-18",2016-02-18,0.0202952029520295,1230000,-0.225490196078431,5530,0.0614828209764918,5190,5560,0,1.44885604214168,0.703181347578531
"2016-02-19",2016-02-19,-0.00361663652802893,1253400,-0.22829131652661,5510,0.058076225045372,5190,5560,0,-1.01242236024845,0.66846205468045
"2016-02-22",2016-02-22,0.00544464609800363,873900,-0.224089635854341,5540,0.0631768953068592,5190,5560,0,1.08782716606498,0.720489406926572
"2016-02-23",2016-02-23,-0.01985559566787,943900,-0.239495798319327,5430,0.0441988950276243,5190,5560,0,-1.06875,0.528181359259826
"2016-02-24",2016-02-24,-0.0349907918968692,1500700,-0.266106442577031,5240,0.00954198473282442,5190,5560,0,-1.11111111111111,0.185516514140454
"2016-02-25",2016-02-25,0.0190839694656489,1089900,-0.252100840336134,5340,0.0280898876404494,5190,5560,0,2.9438202247191,0.367585830947468
"2016-02-26",2016-02-26,-0.00936329588014981,883100,-0.259103641456582,5290,0.0189035916824196,5190,5560,0,-1.02777777777778,0.277041423168548
"2016-02-29",2016-02-29,-0.00756143667296786,1219500,-0.264705882352941,5250,0.0114285714285715,5190,5560,0,-1.02162162162162,0.203901280733434
"2016-03-01",2016-03-01,0.0152380952380952,2014500,-0.253501400560224,5330,0.0262664165103189,5190,5560,0,2.2983114446529,0.349554064987117
"2016-03-02",2016-03-02,0.0337711069418387,1576200,-0.22829131652661,5510,0.058076225045372,5190,5560,0,2.2110448535131,0.66846205468045
"2016-03-03",2016-03-03,-0.00544464609800363,1116700,-0.232492997198879,5480,0.0529197080291971,5190,5560,0,-1.01840490797546,0.616122355716962
"2016-03-04",2016-03-04,0.0200729927007299,1204000,-0.217086834733893,5590,0.0626118067978533,5240,5590,3538,1.18314724569736,0.756495051529745
"2016-03-07",2016-03-07,-0.00894454382826476,1197800,-0.224089635854341,5540,0.0541516245487365,5240,5590,3552,-1.03225806451613,0.670011743356007
"2016-03-08",2016-03-08,-0.0270758122743682,1911800,-0.245098039215686,5390,0.0278293135435993,5240,5590,0,-1.09375,0.405294601856891
"2016-03-09",2016-03-09,0.0278293135435993,1873900,-0.224089635854341,5540,0.0541516245487365,5240,5590,0,1.94584837545126,0.670011743356007
"2016-03-10",2016-03-10,0.00902527075812274,1379500,-0.217086834733893,5590,0.035778175313059,5390,5590,3552,-0.968750000000001,0.606416559840513
"2016-03-11",2016-03-11,-0.00536672629695885,4718600,-0.221288515406162,5560,0.0305755395683454,5390,5590,3556,-1.01935483870968,0.553818922281511
"2016-03-14",2016-03-14,0.0287769784172662,1123700,-0.198879551820728,5720,0.027972027972028,5560,5720,3556,-0.89873417721519,0.664589332296067
"2016-03-15",2016-03-15,-0.020979020979021,1053200,-0.215686274509804,5600,0.00714285714285712,5560,5720,3558,-1.08450704225352,0.454094597888029
"2016-03-16",2016-03-16,-0.0178571428571429,1599500,-0.2296918767507,5500,0,5500,5600,3559,-1.06493506493507,0.335812848074804
"2016-03-17",2016-03-17,0.00363636363636364,1333800,-0.226890756302521,5520,0.00362318840579712,5500,5520,3559,-0.98780487804878,0.371743526466095
"2016-03-18",2016-03-18,-0.0217391304347826,1389400,-0.243697478991597,5400,0,0,5520,3561,-1.07407407407407,0.257480563430285
"2016-03-22",2016-03-22,0.0296296296296296,848800,-0.221288515406162,5560,0.0287769784172662,5400,5560,3561,-0.908045977011494,0.543759704433276
"2016-03-23",2016-03-23,0.00359712230215827,660400,-0.218487394957983,5580,0.032258064516129,0,5580,0,1.12096774193548,0.57889561526199
"2016-03-24",2016-03-24,0.010752688172043,1777800,-0.210084033613445,5640,0.0425531914893617,0,5640,0,1.31914893617021,0.683474860348139
"2016-03-25",2016-03-25,-0.00709219858156028,685500,-0.215686274509804,5600,0.0357142857142857,5400,5640,3565,-1.02666666666667,0.613892458562848
"2016-03-28",2016-03-28,0.0214285714285714,646900,-0.198879551820728,5720,0.0209790209790209,5600,5720,3565,-0.922077922077922,0.625477967795236
"2016-03-29",2016-03-29,0.00874125874125874,833000,-0.19187675070028,5770,0.0294627383015598,0,5770,0,1.40439052570769,0.712092905872402
"2016-03-30",2016-03-30,-0.0207972270363951,917600,-0.208683473389356,5650,0.00884955752212391,5600,5770,3568,-1.08759124087591,0.502806187639978
"2016-03-31",2016-03-31,0,1128700,-0.208683473389356,5650,0.00884955752212391,5600,5770,0,-1,0.502806187639978
"2016-04-01",2016-04-01,-0.0353982300884956,1446200,-0.236694677871148,5450,0,5450,5650,3570,-1.13422818791946,0.296646705752544
"2016-04-04",2016-04-04,0.00917431192660551,1067700,-0.2296918767507,5500,0.00909090909090904,5450,5500,3570,-0.970414201183432,0.386657621925882
"2016-04-05",2016-04-05,-0.0309090909090909,1237500,-0.253501400560224,5330,0,0,5500,3572,-1.10365853658537,0.202647964179121
"2016-04-06",2016-04-06,-0.0131332082551595,1271300,-0.263305322128852,5260,0,5260,5330,3573,-1.03867403314917,0.147815364927957
"2016-04-07",2016-04-07,0.00190114068441065,935300,-0.261904761904762,5270,0.00189753320683117,5260,5270,3573,-0.99468085106383,0.166261354537796
"2016-04-08",2016-04-08,0.0094876660341556,1325900,-0.254901960784314,5320,0.0112781954887218,0,5320,0,5.94360902255622,0.257892838612624
"2016-04-11",2016-04-11,-0.0056390977443609,652900,-0.259103641456583,5290,0.00567107750472595,5260,5320,3576,-1.01648351648352,0.203032962175484
"2016-04-12",2016-04-12,0.00945179584120983,674100,-0.252100840336134,5340,0.00936329588014984,5290,5340,3576,1.65106117353307,0.262849405411539
"2016-04-13",2016-04-13,0.0318352059925094,1153100,-0.228291316526611,5510,0.0399274047186933,0,5510,0,4.26424682395643,0.566957061511326
"2016-04-14",2016-04-14,0.0471869328493648,1247400,-0.19187675070028,5770,0.0831889081455806,0,5770,0,2.08350401764613,1.01257935098883
"2016-04-15",2016-04-15,-0.0103986135181976,875800,-0.200280112044818,5710,0.0735551663747811,5290,5770,3580,-1.04379562043796,0.91169918381776
"2016-04-18",2016-04-18,-0.0525394045534151,1461100,-0.242296918767507,5410,0.022181146025878,5290,5770,0,-1.20979020979021,0.389371280773524
"2016-04-19",2016-04-19,0.0462107208872458,1424200,-0.207282913165266,5660,0.0653710247349824,5290,5770,0,2.94714369846879,0.826759750103016
"2016-04-20",2016-04-20,0.00353356890459364,896000,-0.204481792717087,5680,0.0686619718309859,5290,5770,0,1.05034259611724,0.860832227725657
"2016-04-21",2016-04-21,0.0528169014084507,1492200,-0.162464985994398,5980,0.0953177257525084,5410,5980,3580,1.38821713403653,1.2449127174559
"2016-04-22",2016-04-22,0.0167224080267559,1432200,-0.148459383753501,6080,0.110197368421053,0,6080,0,1.15610572483841,1.40646572941178
"2016-04-25",2016-04-25,-0.0180921052631579,1032600,-0.163865546218487,5970,0.0938023450586265,5410,6080,3586,-1.10377358490566,1.22860407823679
"2016-04-26",2016-04-26,-0.0150753768844221,896000,-0.176470588235294,5880,0.0799319727891157,5410,6080,0,-1.07692307692308,1.08052906851663
"2016-04-27",2016-04-27,0.0119047619047619,1662700,-0.166666666666667,5950,0.0907563025210084,5410,6080,0,1.13541927409262,1.19590133347163
"2016-04-28",2016-04-28,-0.0470588235294118,1353000,-0.205882352941176,5670,0.0458553791887125,5410,6080,0,-1.23529411764706,0.725443434288098
"2016-05-02",2016-05-02,-0.0458553791887125,1309800,-0.242296918767507,5410,0,5410,5970,3590,-1.17687074829932,0.265313791894737
"2016-05-06",2016-05-06,0.0147874306839187,1340200,-0.23109243697479,5490,0.0145719489981785,5410,5490,3590,-0.953757225433527,0.409479439262354
"2016-05-09",2016-05-09,0.00910746812386157,578600,-0.224089635854342,5540,0.0234657039711191,0,5540,0,1.61033393501805,0.498387687216082
"2016-05-10",2016-05-10,0.0342960288808664,2287100,-0.197478991596639,5730,0.055846422338569,0,5730,0,2.37991676735132,0.8283219613188
"2016-05-11",2016-05-11,0.00174520069808028,1081600,-0.196078431372549,5740,0.0574912891986062,0,5740,0,1.02945339721254,0.845354806969763
"2016-05-12",2016-05-12,-0.0209059233449477,1304400,-0.212885154061625,5620,0.0373665480427047,5410,5740,3595,-1.08571428571429,0.638799894979174
"2016-05-13",2016-05-13,-0.0266903914590747,1945900,-0.233893557422969,5470,0.0109689213893968,5410,5740,0,-1.09868421052632,0.373661518699204
"2016-05-16",2016-05-16,0.0329067641681901,1311400,-0.208683473389356,5650,0.0424778761061947,5410,5740,0,3.8725663716814,0.690886855513881
"2016-05-17",2016-05-17,0.00353982300884956,1446600,-0.205882352941176,5670,0.0458553791887125,5410,5740,0,1.07951205173427,0.725443434288098
"2016-05-18",2016-05-18,-0.0194003527336861,1406600,-0.221288515406162,5560,0.0269784172661871,5410,5740,0,-1.07482993197279,0.533700486585041
"2016-05-19",2016-05-19,-0.012589928057554,1634500,-0.23109243697479,5490,0.0145719489981785,5410,5740,0,-1.04430379746835,0.409479439262354
"2016-05-20",2016-05-20,0.00182149362477231,988800,-0.2296918767507,5500,0.0163636363636364,5410,5740,0,1.12295454545455,0.427333441006744
"2016-05-23",2016-05-23,-0.0145454545454545,1148000,-0.240896358543417,5420,0.00184501845018448,5410,5740,0,-1.04878048780488,0.283466070402765
"2016-05-24",2016-05-24,-0.0129151291512915,933200,-0.250700280112045,5350,0,5350,5670,3603,-1.0406976744186,0.218314421108024
"2016-05-25",2016-05-25,0.0130841121495327,789000,-0.240896358543418,5420,0.0129151291512916,5350,5420,3603,-0.960893854748604,0.345380370664225
"2016-05-26",2016-05-26,-0.00922509225092251,863400,-0.247899159663866,5370,0.0037243947858473,5350,5420,3605,-1.02906976744186,0.254811139204968
"2016-05-27",2016-05-27,0.00558659217877095,654000,-0.243697478991597,5400,0.0092592592592593,5350,5420,0,2.48611111111112,0.309266907167494
"2016-05-30",2016-05-30,0.0203703703703704,529300,-0.228291316526611,5510,0.0254083484573503,5370,5510,3605,2.74410163339382,0.485753066976027
"2016-05-31",2016-05-31,0.0181488203266788,749000,-0.214285714285714,5610,0.0427807486631016,0,5610,0,1.68372803666921,0.661247885188851
"2016-06-01",2016-06-01,-0.0017825311942959,1109300,-0.215686274509804,5600,0.0410714285714285,5370,5610,3609,-1.00653594771242,0.643854557439375
"2016-06-02",2016-06-02,-0.0142857142857143,797200,-0.226890756302521,5520,0.0271739130434783,5370,5610,0,-1.05194805194805,0.503460965971606
"2016-06-03",2016-06-03,-0.0036231884057971,690600,-0.2296918767507,5500,0.0236363636363637,5370,5610,0,-1.01234567901235,0.468009260087609
"2016-06-06",2016-06-06,-0.0145454545454545,763900,-0.240896358543417,5420,0.0092250922509225,5370,5610,0,-1.04878048780488,0.324742270577072
"2016-06-07",2016-06-07,0.00922509225092251,787600,-0.233893557422969,5470,0.0182815356489945,5370,5610,0,1.98171846435101,0.41456042271104
"2016-06-08",2016-06-08,-0.00731261425959781,722200,-0.239495798319328,5430,0.011049723756906,5370,5610,0,-1.02395209580838,0.342780526432686
"2016-06-09",2016-06-09,-0.0184162062615101,605300,-0.253501400560224,5330,0,5330,5600,3615,-1.05847953216374,0.202647964179121
"2016-06-10",2016-06-10,-0.0187617260787993,2154100,-0.26750700280112,5230,0,5230,5330,3616,-1.05524861878453,0.124315679534602
"2016-06-13",2016-06-13,-0.0382409177820268,1078400,-0.295518207282913,5030,0,5030,5230,3617,-1.10471204188482,-0.0323488897544369
"2016-06-14",2016-06-14,-0.00695825049701789,1234800,-0.300420168067227,4995,0,4995,5030,3618,-1.01658767772512,-0.0597651893800185
"2016-06-15",2016-06-15,-0.002002002002002,1493000,-0.301820728291317,4985,0,4985,4995,3619,-1.004662004662,-0.0675984178444711
"2016-06-16",2016-06-16,-0.0280842527582748,1343900,-0.321428571428571,4845,0,4845,4985,3620,-1.06496519721578,-0.177263616346798
"2016-06-17",2016-06-17,0.0206398348813209,1691500,-0.307422969187675,4945,0.0202224469160769,4845,4945,3620,-0.956427015250545,0.0141712997156934
"2016-06-20",2016-06-20,0.0495449949443883,1525800,-0.273109243697479,5190,0.0664739884393064,0,5190,0,3.2871387283237,0.464766805686128
"2016-06-21",2016-06-21,0.0308285163776493,1376800,-0.250700280112045,5350,0.094392523364486,0,5350,0,1.41999187322227,0.746244736515021
"2016-06-22",2016-06-22,-0.011214953271028,1037900,-0.259103641456583,5290,0.0841209829867675,4845,5350,3624,-1.03351955307263,0.641797409491505
"2016-06-23",2016-06-23,0.0207939508506616,853900,-0.243697478991597,5400,0.0203703703703704,5290,5400,3624,-0.940540540540541,0.371410519652146
"2016-06-24",2016-06-24,-0.125,2411200,-0.338235294117647,4725,0,0,5400,3626,-1.38793103448276,-0.27126235792022
"2016-06-27",2016-06-27,0.00529100529100529,1685500,-0.334733893557423,4750,0.00526315789473686,4725,4750,3626,-0.989648033126294,-0.222242838740045
"2016-06-28",2016-06-28,-0.00105263157894737,1319800,-0.335434173669468,4745,0.00421496311907266,4725,4750,3628,-1.0020920502092,-0.232021927867529
"2016-06-29",2016-06-29,0.0115911485774499,1096900,-0.327731092436975,4800,0.0114583333333333,4745,4800,3628,2.71848958333337,-0.148427544062033
"2016-06-30",2016-06-30,-0.00625,1280100,-0.331932773109244,4770,0.00524109014675056,4745,4800,3630,-1.01282051282051,-0.206699805073275
"2016-07-01",2016-07-01,-0.00943396226415094,1081900,-0.338235294117647,4725,0,4725,4770,3631,-1.01898734177215,-0.27126235792022
"2016-07-04",2016-07-04,0.00317460317460317,901600,-0.336134453781512,4740,0.00316455696202533,4725,4740,3631,-0.993788819875776,-0.241813385085508
"2016-07-05",2016-07-05,-0.00527426160337553,963900,-0.339635854341736,4715,0,0,4740,3633,-1.01041666666667,-0.279095586384672
"2016-07-06",2016-07-06,-0.0381760339342524,1748000,-0.36484593837535,4535,0,4535,4715,3634,-1.07422680412371,-0.420093698744807
"2016-07-07",2016-07-07,-0.019845644983462,1157500,-0.377450980392157,4445,0,4445,4535,3635,-1.03454894433781,-0.490592754924874
"2016-07-08",2016-07-08,-0.00224971878515186,2456000,-0.378851540616246,4435,0,4435,4445,3636,-1.00371057513915,-0.498425983389327
"2016-07-11",2016-07-11,0,0,-0.378851540616246,4435,0,4435,4435,3636,-1,-0.498425983389327
"2016-07-12",2016-07-12,0.0913190529875987,1292200,-0.322128851540616,4840,0.0836776859504132,0,4840,0,-0.850277264325323,0.286822801459316
"2016-07-13",2016-07-13,0.0144628099173554,1502100,-0.312324929971989,4910,0.0967413441955194,0,4910,0,1.15611878001559,0.414719463115903
"2016-07-14",2016-07-14,0.0325865580448065,1149200,-0.289915966386554,5070,0.125246548323471,0,5070,0,1.29465379424894,0.699478590868236
"2016-07-15",2016-07-15,-0.00986193293885602,1724500,-0.296918767507003,5020,0.116533864541833,4435,5070,3641,-1.02415458937198,0.611583060529504
"2016-07-19",2016-07-19,0.0298804780876494,1180800,-0.275910364145658,5170,0.0290135396518375,5020,5170,3641,-0.929245283018868,0.239586863591759
"2016-07-20",2016-07-20,-0.00580270793036751,1175300,-0.280112044817927,5140,0.0233463035019456,5020,5170,3643,-1.01522842639594,0.184390750754193
"2016-07-21",2016-07-21,0.00972762645914397,885000,-0.273109243697479,5190,0.00963391136801539,5140,5190,3643,-0.975,0.146864510605683
"2016-07-22",2016-07-22,-0.0472061657032755,1285400,-0.307422969187675,4945,0,0,5190,3645,-1.12564102564103,-0.098931331702278
"2016-07-25",2016-07-25,0.0293225480283114,822800,-0.287114845938375,5090,0.0284872298624754,4945,5090,3645,-0.933940774487471,0.173977424632414
"2016-07-26",2016-07-26,-0.0176817288801572,867500,-0.299719887955182,5000,0.011,4945,5090,3647,-1.04390243902439,0.00567360121201292
"2016-07-27",2016-07-27,0.016,1105700,-0.288515406162465,5080,0.0265748031496063,4945,5090,0,2.41589119541875,0.155448136758477
"2016-07-28",2016-07-28,-0.0295275590551181,614300,-0.309523809523809,4930,0,4930,5080,3649,-1.07281553398058,-0.110681174398956
"2016-07-29",2016-07-29,0.00405679513184584,1177300,-0.30672268907563,4950,0.00404040404040407,4930,4950,3649,-0.990950226244344,-0.0724170402029058
"2016-08-01",2016-08-01,0.00505050505050505,758800,-0.303221288515406,4975,0.00904522613065328,0,4975,0,2.23869346733667,-0.0248423738339794
"2016-08-02",2016-08-02,-0.0311557788944724,790600,-0.324929971988796,4820,0,0,4975,3652,-1.0715935334873,-0.196846687507928
"2016-08-03",2016-08-03,-0.0259336099585062,1167400,-0.342436974789916,4695,0,4695,4820,3653,-1.05387931034483,-0.294762043313577
"2016-08-04",2016-08-04,0.0170394036208733,1080900,-0.331232492997199,4775,0.0167539267015707,4695,4775,3653,-0.967280163599182,-0.138392758029482
"2016-08-05",2016-08-05,0.00837696335078534,722800,-0.32563025210084,4815,0.0249221183800623,0,4815,0,1.48753894080997,-0.0613757597185047
"2016-08-08",2016-08-08,0.0332294911734164,953400,-0.303221288515406,4975,0.0562814070351759,0,4975,0,2.25829145728643,0.239346049090721
"2016-08-09",2016-08-09,0.00402010050251256,666700,-0.300420168067227,4995,0.06006006006006,0,4995,0,1.06713856713857,0.276146229455937
"2016-08-10",2016-08-10,-0.00600600600600601,698200,-0.304621848739496,4965,0.054380664652568,4695,4995,3658,-1.01398601398601,0.220882110801055
"2016-08-12",2016-08-12,0.0312185297079557,820900,-0.282913165266106,5120,0.0302734375,4965,5120,3658,-0.928735632183908,0.20746723559768
"2016-08-15",2016-08-15,0.048828125,1060500,-0.247899159663866,5370,0.0754189944134078,0,5370,0,2.49125968642999,0.655793666689734
"2016-08-16",2016-08-16,-0.031657355679702,1190500,-0.271708683473389,5200,0.0451923076923076,4965,5370,3661,-1.09604519774011,0.353573187227858
"2016-08-17",2016-08-17,0.0384615384615385,858700,-0.243697478991597,5400,0.0370370370370371,5200,5400,3661,-0.896907216494845,0.464625938379124
"2016-08-18",2016-08-18,-0.00740740740740741,865800,-0.249299719887955,5360,0.0298507462686567,5200,5400,3663,-1.02298850574713,0.393100638337213
"2016-08-19",2016-08-19,-0.00746268656716418,579400,-0.254901960784314,5320,0.0225563909774437,5200,5400,0,-1.02247191011236,0.320970941510579
"2016-08-22",2016-08-22,0.0056390977443609,505500,-0.250700280112045,5350,0.0280373831775701,5200,5400,0,1.2429906542056,0.37512540588238
"2016-08-23",2016-08-23,-0.0168224299065421,690800,-0.263305322128851,5260,0.0114068441064639,5200,5400,0,-1.05027932960894,0.211612989912201
"2016-08-24",2016-08-24,-0.00380228136882129,728700,-0.266106442577031,5240,0.00763358778625955,5200,5400,0,-1.01063829787234,0.174842992912173
"2016-08-25",2016-08-25,0.00954198473282443,1133300,-0.259103641456583,5290,0.0170132325141777,5200,5400,0,2.22873345935728,0.266468785883824
"2016-08-26",2016-08-26,-0.00945179584120983,1025200,-0.266106442577031,5240,0.00763358778625955,5200,5400,0,-1.02702702702703,0.174842992912173
"2016-08-29",2016-08-29,0.0458015267175573,1011700,-0.23249299719888,5480,0.0437956204379562,5240,5480,3663,5.73722627737225,0.565092016997813
"2016-08-30",2016-08-30,0.0109489051094891,790300,-0.224089635854341,5540,0.0541516245487365,0,5540,0,1.23646209386282,0.670011743356007
"2016-08-31",2016-08-31,0.0270758122743682,1157700,-0.203081232492997,5690,0.0790861159929701,0,5690,0,1.46045694200351,0.926966913965894
"2016-09-01",2016-09-01,-0.0105448154657293,905200,-0.211484593837535,5630,0.0692717584369449,5240,5690,3673,-1.04137931034483,0.825076576231912
"2016-09-02",2016-09-02,0.00532859680284192,862500,-0.207282913165266,5660,0.0742049469964664,5240,5690,0,1.0712150040772,0.876167215859364
"2016-09-05",2016-09-05,0.0265017667844523,717500,-0.186274509803922,5810,0.0309810671256454,5630,5810,3673,-0.898648648648649,0.751917719156352
"2016-09-06",2016-09-06,0.00344234079173838,726000,-0.183473389355742,5830,0.0343053173241853,0,5830,0,1.1072994091862,0.786176458537864
"2016-09-07",2016-09-07,-0.0154373927958834,968300,-0.196078431372549,5740,0.019163763066202,5630,5830,3677,-1.06870229007634,0.630991823137686
"2016-09-08",2016-09-08,-0.0348432055749129,1647800,-0.224089635854342,5540,0,5540,5740,3678,-1.14285714285714,0.36714576193261
"2016-09-09",2016-09-09,0.0216606498194946,1540000,-0.207282913165266,5660,0.0212014134275619,5540,5660,3678,-0.925,0.579722421321271
"2016-09-12",2016-09-12,-0.0229681978798587,947400,-0.225490196078431,5530,0,0,5660,3680,-1.08783783783784,0.359312533468159
"2016-09-13",2016-09-13,-0.00361663652802893,553700,-0.228291316526611,5510,0,5510,5530,3681,-1.01242236024845,0.343646076539255
"2016-09-14",2016-09-14,-0.014519056261343,746600,-0.239495798319328,5430,0,5430,5510,3682,-1.04907975460123,0.280980248823639
"2016-09-15",2016-09-15,-0.0257826887661142,1094700,-0.259103641456583,5290,0,5290,5430,3683,-1.08187134502924,0.171315050321313
"2016-09-16",2016-09-16,0.0132325141776938,916200,-0.249299719887955,5360,0.0130597014925373,5290,5360,3683,-0.962162162162163,0.299189582157048
"2016-09-20",2016-09-20,-0.00932835820895522,816800,-0.256302521008403,5310,0.00376647834274957,5290,5360,3685,-1.02808988764045,0.208047138600946
"2016-09-21",2016-09-21,0.0225988700564972,1089500,-0.239495798319328,5430,0.0220994475138122,5310,5430,3685,5.86740331491708,0.404580804041732
"2016-09-23",2016-09-23,-0.0478821362799263,2060200,-0.275910364145659,5170,0,0,5430,3687,-1.15204678362573,0.0773163087478885
"2016-09-26",2016-09-26,-0.0135396518375242,1598800,-0.285714285714286,5100,0,5100,5170,3688,-1.03553299492386,0.0224837094967258
"2016-09-27",2016-09-27,0.0117647058823529,1008200,-0.277310924369748,5160,0.0116279069767442,5100,5160,3688,-0.970588235294118,0.134517093348771
"2016-09-28",2016-09-28,0.00193798449612403,941300,-0.275910364145659,5170,0.0135396518375241,0,5170,0,1.16441005802707,0.153042567675027
"2016-09-29",2016-09-29,0.011605415860735,1135600,-0.26750700280112,5230,0.0248565965583174,0,5230,0,1.83583720295002,0.263336762913268
"2016-09-30",2016-09-30,-0.0229445506692161,951800,-0.284313725490196,5110,0.00195694716242667,5100,5230,3692,-1.06282722513089,0.0412619969115075
"2016-10-03",2016-10-03,0.0117416829745597,690400,-0.275910364145658,5170,0.0135396518375241,5100,5230,0,6.91876208897464,0.153042567675028
"2016-10-04",2016-10-04,0.011605415860735,707100,-0.26750700280112,5230,0.0229445506692161,5110,5230,3692,1.69461895656925,0.252642833422601
"2016-10-05",2016-10-05,-0.00573613766730402,663600,-0.271708683473389,5200,0.0173076923076924,5110,5230,3695,-1.01570680628272,0.1976166212808
"2016-10-06",2016-10-06,0.00769230769230769,602200,-0.266106442577031,5240,0.00763358778625955,5200,5240,3695,-0.97938144329897,0.174842992912173
"2016-10-07",2016-10-07,-0.0267175572519084,804900,-0.285714285714286,5100,0,0,5240,3697,-1.07368421052632,0.0224837094967264
"2016-10-11",2016-10-11,0.00196078431372549,881200,-0.284313725490196,5110,0.00195694716242667,5100,5110,3697,-0.995098039215686,0.0412619969115087
"2016-10-12",2016-10-12,0,774500,-0.284313725490196,5110,0.00195694716242667,0,5110,0,-1,0.0412619969115087
"2016-10-13",2016-10-13,0.00587084148727984,835400,-0.280112044817927,5140,0.00778210116731515,0,5140,0,3.97665369649793,0.0973413324877538
"2016-10-14",2016-10-14,0,1398300,-0.280112044817927,5140,0.00778210116731515,0,5140,0,-1,0.0973413324877538
"2016-10-17",2016-10-17,-0.00778210116731518,691300,-0.285714285714286,5100,0,0,5140,3702,-1.02,0.0224837094967264
"2016-10-18",2016-10-18,0.00392156862745098,669900,-0.282913165266106,5120,0.00390625,5100,5120,3702,-0.990196078431373,0.0599975301897657
"2016-10-19",2016-10-19,-0.00390625,549800,-0.285714285714286,5100,0,0,5120,3704,-1.00990099009901,0.0224837094967264
"2016-10-20",2016-10-20,0.0274509803921569,1011300,-0.266106442577031,5240,0.0267175572519084,5100,5240,3704,-0.931372549019608,0.281578205194972
"2016-10-21",2016-10-21,-0.0209923664122137,797900,-0.281512605042017,5130,0.00584795321637432,5100,5240,3706,-1.0578947368421,0.0786905593556887
"2016-10-24",2016-10-24,0.00194931773879142,710800,-0.280112044817927,5140,0.00778210116731515,5100,5240,0,1.33073929961088,0.0973413324877538
"2016-10-25",2016-10-25,0.00972762645914397,596900,-0.273109243697479,5190,0.0173410404624278,5100,5240,0,2.22832369942198,0.189969906548795
"2016-10-26",2016-10-26,0.00192678227360308,530700,-0.271708683473389,5200,0.0192307692307693,5100,5240,0,1.10897435897436,0.208372246518529
"2016-10-27",2016-10-27,-0.00769230769230769,789000,-0.277310924369748,5160,0.0116279069767442,5100,5240,0,-1.02061855670103,0.134517093348772
"2016-10-28",2016-10-28,0.00968992248062015,790700,-0.2703081232493,5210,0.0211132437619962,5100,5240,0,1.81573896353167,0.226734014083252
"2016-10-31",2016-10-31,0.00575815738963532,680700,-0.266106442577031,5240,0.0209923664122137,5130,5240,3706,-0.984455958549224,0.249557641510132
"2016-11-01",2016-11-01,0.00572519083969466,529800,-0.261904761904762,5270,0.0265654648956357,0,5270,0,1.26548214593756,0.304227249427821
"2016-11-02",2016-11-02,-0.0246679316888046,643100,-0.280112044817927,5140,0.00194552529182879,5130,5270,3714,-1.06951871657754,0.0646978006378394
"2016-11-04",2016-11-04,-0.00583657587548638,650000,-0.284313725490196,5110,0,5110,5140,3715,-1.015,0.0303169379611789
"2016-11-07",2016-11-07,0.00391389432485323,1070200,-0.281512605042017,5130,0.00389863547758285,5110,5130,3715,-0.990147783251232,0.0677881712004863
"2016-11-08",2016-11-08,0.00389863547758285,589000,-0.278711484593837,5150,0.00776699029126215,0,5150,0,1.99223300970874,0.105090046953889
"2016-11-09",2016-11-09,-0.0485436893203883,1679000,-0.313725490196078,4900,0,0,5150,3718,-1.12562814070352,-0.134180859792312
"2016-11-10",2016-11-10,0.0673469387755102,1163300,-0.26750700280112,5230,0.0630975143403442,4900,5230,3718,-0.852678571428572,0.477215352726602
"2016-11-11",2016-11-11,0.0152963671128107,1273700,-0.256302521008403,5310,0.0772128060263654,0,5310,0,1.22370598641785,0.618826949940172
"2016-11-14",2016-11-14,0.0470809792843691,1565500,-0.221288515406162,5560,0.118705035971223,0,5560,0,1.53737497806633,1.04672059684503
"2016-11-15",2016-11-15,-0.0611510791366906,1582500,-0.26890756302521,5220,0.0613026819923371,4900,5560,3722,-1.21518987341772,0.459343761330299
"2016-11-16",2016-11-16,-0.00574712643678161,954100,-0.273109243697479,5190,0.0558766859344894,4900,5560,0,-1.015625,0.405496886264351
"2016-11-17",2016-11-17,-0.0173410404624277,979500,-0.285714285714286,5100,0.0392156862745098,4900,5560,0,-1.04615384615385,0.24181410650138
"2016-11-18",2016-11-18,-0.00196078431372549,1266500,-0.287114845938375,5090,0.037328094302554,4900,5560,0,-1.00490196078431,0.223423717473837
"2016-11-21",2016-11-21,0.0216110019646365,1165900,-0.271708683473389,5200,0.0576923076923077,4900,5560,0,1.54554655870445,0.423484751273093
"2016-11-22",2016-11-22,-0.00769230769230769,913300,-0.277310924369748,5160,0.0503875968992248,4900,5560,0,-1.02061855670103,0.351297136899883
"2016-11-24",2016-11-24,0.00581395348837209,892200,-0.273109243697479,5190,0.0558766859344894,4900,5560,0,1.1089373054691,0.40549688626435
"2016-11-25",2016-11-25,-0.00192678227360308,1000100,-0.274509803921569,5180,0.0540540540540541,4900,5560,0,-1.00512820512821,0.387469814164703
"2016-11-28",2016-11-28,-0.00579150579150579,772500,-0.278711484593837,5150,0.0485436893203883,4900,5560,0,-1.01530612244898,0.333151071412126
"2016-11-29",2016-11-29,-0.00776699029126214,986700,-0.284313725490196,5110,0.041095890410959,4900,5560,0,-1.02010050251256,0.260163175918111
"2016-11-30",2016-11-30,0.0234833659491194,1320100,-0.26750700280112,5230,0.0630975143403442,4900,5560,0,1.53537284894837,0.477215352726602
"2016-12-01",2016-12-01,0.0229445506692161,1434900,-0.250700280112045,5350,0.0841121495327103,4900,5560,0,1.33305012744265,0.688747375431091
"2016-12-02",2016-12-02,-0.00186915887850467,876600,-0.252100840336134,5340,0.0823970037453183,4900,5560,0,-1.00558659217877,0.671321465001666
"2016-12-05",2016-12-05,-0.0280898876404494,898700,-0.273109243697479,5190,0.0558766859344894,4900,5560,0,-1.08333333333333,0.405496886264351
"2016-12-06",2016-12-06,-0.0115606936416185,1215900,-0.281512605042017,5130,0.0448343079922028,4900,5560,0,-1.03076923076923,0.296738322459731
"2016-12-07",2016-12-07,0,1086700,-0.281512605042017,5130,0.0448343079922028,4900,5560,0,-1,0.296738322459731
"2016-12-08",2016-12-08,-0.0302144249512671,2334900,-0.303221288515406,4975,0.0150753768844221,4900,5560,0,-1.0771144278607,0.00888380781598209
"2016-12-09",2016-12-09,0.00703517587939699,2713100,-0.298319327731092,5010,0.0219560878243513,4900,5560,0,1.45642049234864,0.074783408525852
"2016-12-12",2016-12-12,0.0499001996007984,2174700,-0.263305322128851,5260,0.0684410646387833,4900,5560,0,3.11717939854822,0.530601114833418
"2016-12-13",2016-12-13,0.0190114068441065,1341900,-0.249299719887955,5360,0.085820895522388,4900,5560,0,1.25393864013267,0.706137492271095
"2016-12-14",2016-12-14,0.0279850746268657,1960400,-0.22829131652661,5510,0.11070780399274,4900,5560,0,1.28998658565454,0.962826534870907
"2016-12-15",2016-12-15,-0.00907441016333938,1364900,-0.235294117647059,5460,0.102564102564103,4900,5560,0,-1.03067484662577,0.878113280229169
"2016-12-16",2016-12-16,0.0384615384615385,1537700,-0.205882352941176,5670,0.122574955908289,4975,5670,3722,1.19510582010582,1.15453028239641
"2016-12-19",2016-12-19,0.00705467372134039,1263700,-0.200280112044818,5710,0.128721541155867,0,5710,0,1.05014552281117,1.22024058730986
"2016-12-20",2016-12-20,-0.00350262697022767,1204900,-0.203081232492997,5690,0.125659050966608,4975,5710,3746,-1.01398601398601,1.18744585206061
"2016-12-21",2016-12-21,-0.00351493848857645,1362700,-0.205882352941176,5670,0.122574955908289,4975,5710,0,-1.01379310344828,1.15453028239641
"2016-12-22",2016-12-22,-0.0123456790123457,924200,-0.215686274509804,5600,0.111607142857143,4975,5710,0,-1.04761904761905,1.03835552598034
"2016-12-26",2016-12-26,0.00892857142857143,754700,-0.208683473389355,5650,0.119469026548673,4975,5710,0,1.07044247787611,1.12149259511992
"2016-12-27",2016-12-27,-0.00353982300884956,714600,-0.211484593837535,5630,0.116341030195382,4975,5710,0,-1.01342281879195,1.08833148880011
"2016-12-28",2016-12-28,-0.0159857904085258,676100,-0.224089635854341,5540,0.101985559566787,4975,5710,0,-1.05960264900662,0.937543360280005
"2016-12-29",2016-12-29,-0.0036101083032491,1105700,-0.226890756302521,5520,0.0987318840579711,4975,5710,0,-1.0125,0.903679339853741
"2016-12-30",2016-12-30,-0.0036231884057971,751300,-0.2296918767507,5500,0.0954545454545455,4975,5710,0,-1.01234567901235,0.869682973511133
"2017-01-04",2017-01-04,0.00727272727272727,1143200,-0.224089635854341,5540,0.101985559566787,4975,5710,0,1.06842014784253,0.937543360280005
"2017-01-05",2017-01-05,-0.0036101083032491,963000,-0.226890756302521,5520,0.0987318840579711,4975,5710,0,-1.0125,0.903679339853741
"2017-01-06",2017-01-06,0.0217391304347826,1335500,-0.210084033613445,5640,0.11790780141844,4975,5710,0,1.1942221354675,1.10492755140096
"2017-01-10",2017-01-10,0.0124113475177305,1924100,-0.200280112044818,5710,0.0367775831873906,5500,5710,3746,-0.953333333333333,0.706004914823028
"2017-01-11",2017-01-11,-0.00175131348511384,1165800,-0.201680672268907,5700,0.0350877192982456,5500,5710,3758,-1.00699300699301,0.688720404157481
"2017-01-12",2017-01-12,-0.0087719298245614,1065800,-0.208683473389355,5650,0.0265486725663717,5500,5710,0,-1.03472222222222,0.60179601283677
"2017-01-13",2017-01-13,0.00176991150442478,1187600,-0.207282913165266,5660,0.0282685512367491,5500,5710,0,1.06478209658421,0.619248393926351
"2017-01-16",2017-01-16,-0.0247349823321555,1010700,-0.226890756302521,5520,0.00362318840579712,5500,5710,0,-1.09459459459459,0.371743526466095
"2017-01-17",2017-01-17,-0.0036231884057971,1101800,-0.2296918767507,5500,0,5500,5700,3762,-1.01234567901235,0.335812848074804
"2017-01-18",2017-01-18,-0.0272727272727273,1291000,-0.250700280112045,5350,0,5350,5500,3763,-1.09146341463415,0.218314421108026
"2017-01-19",2017-01-19,0,968000,-0.250700280112045,5350,0,5350,5350,3763,-1,0.218314421108026
"2017-01-20",2017-01-20,0.00934579439252336,778300,-0.243697478991597,5400,0.0092592592592593,0,5400,0,-0.972067039106146,0.309266907167495
"2017-01-23",2017-01-23,-0.012962962962963,1096300,-0.253501400560224,5330,0,0,5400,3766,-1.04022988505747,0.202647964179121
"2017-01-24",2017-01-24,-0.00938086303939963,817600,-0.260504201680672,5280,0,5280,5330,3767,-1.02762430939227,0.163481821856862
"2017-01-25",2017-01-25,0.00568181818181818,644600,-0.256302521008403,5310,0.00564971751412424,5280,5310,3767,-0.983870967741935,0.218579954276312
"2017-01-26",2017-01-26,0.0150659133709981,884500,-0.245098039215686,5390,0.0204081632653061,0,5390,0,3.61224489795922,0.363788664019275
"2017-01-27",2017-01-27,0.00185528756957328,822700,-0.243697478991597,5400,0.0222222222222223,0,5400,0,1.08888888888889,0.381767788399588
"2017-01-30",2017-01-30,-0.0185185185185185,1008600,-0.257703081232493,5300,0.00377358490566038,5280,5400,3771,-1.05747126436782,0.200253656610741
"2017-01-31",2017-01-31,-0.0150943396226415,1264900,-0.26890756302521,5220,0,5220,5300,3772,-1.04347826086956,0.11648245107015
"2017-02-01",2017-02-01,-0.00191570881226054,1001900,-0.2703081232493,5210,0,5210,5220,3773,-1.00520833333333,0.108649222605697
"2017-02-02",2017-02-02,-0.0211132437619962,1099500,-0.285714285714286,5100,0,5100,5210,3774,-1.05699481865285,0.0224837094967258
"2017-02-03",2017-02-03,0.0117647058823529,945800,-0.277310924369748,5160,0.0116279069767442,5100,5160,3774,-0.970588235294118,0.134517093348771
"2017-02-06",2017-02-06,0.00193798449612403,975600,-0.275910364145658,5170,0.0135396518375241,0,5170,0,1.16441005802707,0.153042567675028
"2017-02-07",2017-02-07,0.00386847195357834,778400,-0.273109243697479,5190,0.0173410404624278,0,5190,0,1.28075970272503,0.189969906548795
"2017-02-08",2017-02-08,0.0173410404624277,935200,-0.260504201680672,5280,0.0340909090909091,0,5280,0,1.96590909090908,0.354149723798407
"2017-02-09",2017-02-09,-0.0132575757575758,780200,-0.2703081232493,5210,0.0211132437619962,5100,5280,3779,-1.03763440860215,0.226734014083251
"2017-02-10",2017-02-10,0.0211132437619962,1057200,-0.254901960784314,5320,0.0206766917293233,5210,5320,3779,-0.943005181347151,0.310457924360919
"2017-02-13",2017-02-13,0.018796992481203,842900,-0.240896358543417,5420,0.0387453874538746,0,5420,0,1.87386782958739,0.489847071274303
"2017-02-14",2017-02-14,-0.00922509225092251,836100,-0.247899159663866,5370,0.0297951582867784,5210,5420,3782,-1.02906976744186,0.400622967381246
"2017-02-15",2017-02-15,0.0837988826815642,2551600,-0.184873949579832,5820,0.0773195876288659,5370,5820,3782,2.59503865979382,1.01891882313458
"2017-02-16",2017-02-16,0.0103092783505155,1364200,-0.176470588235294,5880,0.0867346938775511,0,5880,0,1.12176870748299,1.11857617820111
"2017-02-17",2017-02-17,0.0102040816326531,816100,-0.168067226890756,5940,0.0959595959595959,0,5940,0,1.10635769459299,1.21716973560541
"2017-02-20",2017-02-20,0.00505050505050505,800400,-0.163865546218488,5970,0.100502512562814,0,5970,0,1.04734197302301,1.26607761340341
"2017-02-21",2017-02-21,0.0251256281407035,1388100,-0.142857142857143,6120,0.122549019607843,0,6120,0,1.21936274509804,1.50688050351037
"2017-02-22",2017-02-22,0.0130718954248366,1510700,-0.131652661064426,6200,0.133870967741936,0,6200,0,1.09238709677419,1.63286913939345
"2017-02-23",2017-02-23,-0.00806451612903226,990600,-0.138655462184874,6150,0.126829268292683,5370,6200,3789,-1.0531914893617,1.5543192993085
"2017-02-24",2017-02-24,0.0130081300813008,1104300,-0.127450980392157,6230,0.0128410914927769,6150,6230,3789,-0.919191919191918,0.979457789204431
"2017-02-27",2017-02-27,-0.00802568218298555,1259000,-0.134453781512605,6180,0.00485436893203883,6150,6230,3791,-1.05494505494506,0.895622505616847
"2017-02-28",2017-02-28,0.00647249190938511,1473100,-0.128851540616247,6220,0.0112540192926045,6150,6230,0,2.31832797427653,0.962748184758637
"2017-03-01",2017-03-01,0.00482315112540193,1144300,-0.124649859943978,6250,0.0112,6180,6250,3791,-0.967391304347825,0.985945744293225
"2017-03-02",2017-03-02,-0.0032,1508400,-0.127450980392157,6230,0.00802568218298561,6180,6250,3794,-1.02247191011236,0.952525565495191
"2017-03-03",2017-03-03,0.00321027287319422,951200,-0.124649859943978,6250,0.00319999999999998,6230,6250,3794,-0.978021978021978,0.941202343304275
"2017-03-06",2017-03-06,-0.0112,778600,-0.134453781512605,6180,0,0,6250,3796,-1.07865168539326,0.868472383657533
"2017-03-07",2017-03-07,0,970800,-0.134453781512605,6180,0,6180,6180,3796,-1,0.868472383657533
"2017-03-08",2017-03-08,0.00161812297734628,1072200,-0.133053221288516,6190,0.00161550888529882,0,6190,0,-0.989583333333334,0.885341032354001
"2017-03-09",2017-03-09,0.00323101777059774,1040100,-0.130252100840337,6210,0.00483091787439616,0,6210,0,2.99033816425131,0.918991031000736
"2017-03-10",2017-03-10,0.0305958132045089,2118900,-0.103641456582634,6400,0.034375,0,6400,0,7.11562499999998,1.23306021099987
"2017-03-13",2017-03-13,-0.0109375,1124500,-0.113445378151261,6330,0.023696682464455,6180,6400,3801,-1.09459459459459,1.11850458132617
"2017-03-14",2017-03-14,-0.014218009478673,837300,-0.126050420168068,6240,0.00961538461538458,6180,6400,0,-1.11111111111111,0.969249880632884
"2017-03-15",2017-03-15,-0.00320512820512821,1235200,-0.128851540616247,6220,0.00643086816720262,6180,6400,0,-1.02222222222222,0.935772661654366
"2017-03-16",2017-03-16,0,915300,-0.128851540616247,6220,0.00643086816720262,6180,6400,0,-1,0.935772661654366
"2017-03-17",2017-03-17,-0.0144694533762058,1093100,-0.141456582633054,6130,0,6130,6330,3805,-1.09782608695652,0.829306241335272
"2017-03-21",2017-03-21,0.00815660685154975,786500,-0.134453781512606,6180,0.00809061488673135,6130,6180,3805,-0.950495049504951,0.913722586923054
"2017-03-22",2017-03-22,-0.0194174757281553,1325900,-0.151260504201681,6060,0,0,6180,3807,-1.125,0.774473642084108
"2017-03-23",2017-03-23,0.00165016501650165,858000,-0.149859943977592,6070,0.00164744645799009,6060,6070,3807,-0.990740740740741,0.79152091523327
"2017-03-24",2017-03-24,0.0164744645799012,889800,-0.135854341736695,6170,0.0178282009724473,0,6170,0,10.8217179902757,0.960350948320802
"2017-03-27",2017-03-27,-0.0243111831442464,1039600,-0.15686274509804,6020,0,0,6170,3810,-1.15463917525773,0.7431407282263
"2017-03-28",2017-03-28,0.0149501661129568,1062700,-0.144257703081233,6110,0.0147299509001637,6020,6110,3810,-0.919642857142858,0.896023296865562
"2017-03-29",2017-03-29,0,743600,-0.144257703081233,6110,0.0147299509001637,0,6110,0,-1,0.896023296865562
"2017-03-30",2017-03-30,-0.00654664484451719,524100,-0.149859943977592,6070,0.00823723228995055,6020,6110,3813,-1.03883495145631,0.828377093972107
"2017-03-31",2017-03-31,-0.00494233937397035,899700,-0.154061624649861,6040,0.00331125827814571,6020,6110,0,-1.02803738317757,0.777326804769835
"2017-04-03",2017-04-03,0.0033112582781457,935300,-0.151260504201681,6060,0.00660066006600657,6020,6110,0,1.99339933993397,0.811390639599742
"2017-04-04",2017-04-04,0,1083100,-0.151260504201681,6060,0.00660066006600657,6020,6110,0,-1,0.811390639599742
"2017-04-05",2017-04-05,0,950700,-0.151260504201681,6060,0.00660066006600657,6020,6110,0,-1,0.811390639599742
"2017-04-06",2017-04-06,-0.0033003300330033,1412100,-0.154061624649861,6040,0.00331125827814571,6020,6110,0,-1.01851851851852,0.777326804769834
"2017-04-07",2017-04-07,-0.00496688741721854,1449900,-0.15826330532213,6010,0,6010,6070,3819,-1.02727272727273,0.735307499761847
"2017-04-10",2017-04-10,0.0332778702163062,1015100,-0.130252100840337,6210,0.0322061191626409,6010,6210,3819,-0.823008849557522,1.07209848204988
"2017-04-11",2017-04-11,-0.0144927536231884,854900,-0.142857142857144,6120,0.0179738562091504,6010,6210,3821,-1.09677419354839,0.921999444831285
"2017-04-12",2017-04-12,0.00163398692810458,786100,-0.141456582633054,6130,0.0195758564437194,6010,6210,0,1.08912946759602,0.938792540655701
"2017-04-13",2017-04-13,-0.00978792822185971,663600,-0.149859943977592,6070,0.00988467874794074,6010,6210,0,-1.05940594059406,0.837591138656816
"2017-04-14",2017-04-14,0.00164744645799012,1093800,-0.148459383753502,6080,0.0115131578947368,6010,6210,0,1.16474780701754,0.854532329054673
"2017-04-17",2017-04-17,0.00657894736842105,588100,-0.142857142857144,6120,0.0179738562091504,6010,6210,0,1.56115779645192,0.921999444831285
"2017-04-18",2017-04-18,0.00980392156862745,678400,-0.134453781512606,6180,0.0275080906148867,6010,6210,0,1.53045013239187,1.02232307476031
"2017-04-19",2017-04-19,0.00161812297734628,1205200,-0.133053221288516,6190,0.0290791599353797,6010,6210,0,1.05711299059204,1.03894317629829
"2017-04-20",2017-04-20,-0.00646203554119548,874700,-0.138655462184875,6150,0.0227642276422764,6010,6210,0,-1.04210526315789,0.972291318964436
"2017-04-21",2017-04-21,-0.00813008130081301,856500,-0.145658263305323,6100,0.0147540983606558,6010,6210,0,-1.05050505050505,0.888325123339566
"2017-04-24",2017-04-24,0.0278688524590164,731600,-0.121848739495799,6270,0.0318979266347688,6070,6270,3821,2.16197058302321,1.11737415510454
"2017-04-25",2017-04-25,0.00478468899521531,669900,-0.117647058823531,6300,0.0365079365079365,0,6300,0,1.14452380952381,1.16665728053766
"2017-04-26",2017-04-26,0.0111111111111111,1002600,-0.107843137254903,6370,0.0470957613814756,0,6370,0,1.29001433349259,1.28070679152852
"2017-04-27",2017-04-27,-0.00941915227629513,812300,-0.116246498599441,6310,0.0380348652931854,6070,6370,3833,-1.07792207792208,1.18303050736711
"2017-04-28",2017-04-28,-0.00475435816164818,685300,-0.12044817927171,6280,0.0334394904458599,6070,6370,0,-1.03614457831325,1.13382923453771
"2017-05-01",2017-05-01,0.00796178343949045,456700,-0.113445378151261,6330,0.0410742496050553,6070,6370,0,1.22831565485594,1.21569601317421
"2017-05-02",2017-05-02,0.00631911532385466,684300,-0.107843137254903,6370,0.0141287284144427,6280,6370,3833,-0.950617283950618,1.09632464459604
"2017-05-08",2017-05-08,0.0251177394034537,1243000,-0.0854341736694688,6530,0.0382848392036753,0,6530,0,2.70971584141569,1.35675961894928
"2017-05-09",2017-05-09,-0.00612557427258806,913700,-0.0910364145658275,6490,0.0323574730354391,6280,6530,3838,-1.0655737704918,1.29227538993226
"2017-05-10",2017-05-10,-0.00462249614791988,703000,-0.0952380952380963,6460,0.0278637770897833,6280,6530,0,-1.04615384615385,1.24364279958654
"2017-05-11",2017-05-11,-0.0139318885448916,862100,-0.107843137254903,6370,0.0141287284144427,6280,6530,0,-1.13235294117647,1.09632464459604
"2017-05-12",2017-05-12,0.00470957613814757,1250900,-0.103641456582634,6400,0.01875,6280,6530,0,1.32708333333334,1.14567075594332
"2017-05-15",2017-05-15,0.003125,759700,-0.100840336134455,6420,0.0218068535825545,6280,6530,0,1.16303219106957,1.17843396607332
"2017-05-16",2017-05-16,-0.0342679127725857,1567600,-0.131652661064427,6200,0,6200,6490,3843,-1.30555555555555,0.884138840586432
"2017-05-17",2017-05-17,-0.0258064516129032,2428900,-0.154061624649861,6040,0,6040,6200,3844,-1.17021276595744,0.758807185155202
"2017-05-18",2017-05-18,-0.021523178807947,1140500,-0.172268907563026,5910,0,5910,6040,3845,-1.11818181818182,0.656975215117327
"2017-05-19",2017-05-19,-0.00338409475465313,1253700,-0.175070028011206,5890,0,5890,5910,3846,-1.01626016260163,0.641308758188422
"2017-05-22",2017-05-22,0.0067911714770798,632300,-0.169467787114847,5930,0.00674536256323777,5890,5930,3846,-0.968,0.71036797979408
"2017-05-23",2017-05-23,-0.0236087689713322,1203700,-0.189075630252102,5790,0,0,5930,3848,-1.11570247933884,0.562976473543904
"2017-05-24",2017-05-24,0.00518134715025907,1081100,-0.184873949579833,5820,0.00515463917525771,5790,5820,3848,-0.977777777777778,0.615305669883747
"2017-05-25",2017-05-25,0,659200,-0.184873949579833,5820,0.00515463917525771,0,5820,0,-1,0.615305669883747
"2017-05-26",2017-05-26,-0.013745704467354,723800,-0.19607843137255,5740,0,0,5820,3851,-1.06060606060606,0.523810331221644
"2017-05-29",2017-05-29,-0.00348432055749129,505200,-0.198879551820729,5720,0,5720,5740,3852,-1.01428571428571,0.50814387429274
"2017-05-30",2017-05-30,0.00699300699300699,736300,-0.193277310924371,5760,0.00694444444444442,5720,5760,3852,-0.971830985915492,0.578316545953456
"2017-05-31",2017-05-31,-0.0208333333333333,1093400,-0.210084033613446,5640,0,0,5760,3854,-1.08695652173913,0.445478046577125
"2017-06-01",2017-06-01,0.0230496453900709,1061100,-0.191876750700281,5770,0.0225303292894281,5640,5770,3854,-0.913333333333335,0.673320461341244
"2017-06-02",2017-06-02,0.0103986135181976,1087900,-0.183473389355743,5830,0.032590051457976,0,5830,0,1.44649689932709,0.77658310498105
"2017-06-05",2017-06-05,-0.0171526586620926,762100,-0.19747899159664,5730,0.0157068062827225,5640,5830,3857,-1.07633587786259,0.603824094227642
"2017-06-06",2017-06-06,0.00174520069808028,900200,-0.19607843137255,5740,0.0174216027874564,5640,5830,0,1.10917537746806,0.621248051145314
"2017-06-07",2017-06-07,-0.00871080139372822,1062300,-0.203081232492998,5690,0.00878734622144117,5640,5830,0,-1.03571428571429,0.533791158351218
"2017-06-08",2017-06-08,-0.031634446397188,1925500,-0.228291316526612,5510,0,5510,5740,3860,-1.12413793103448,0.343646076539249
"2017-06-09",2017-06-09,-0.0108892921960073,2013700,-0.236694677871149,5450,0,5450,5510,3861,-1.03680981595092,0.296646705752539
"2017-06-12",2017-06-12,-0.0036697247706422,681700,-0.239495798319329,5430,0,5430,5450,3862,-1.01183431952663,0.280980248823634
"2017-06-13",2017-06-13,0,698300,-0.239495798319329,5430,0,5430,5430,3862,-1,0.280980248823634
"2017-06-14",2017-06-14,0.00920810313075507,624800,-0.232492997198881,5480,0.00912408759124084,0,5480,0,-0.970760233918128,0.371176729865043
"2017-06-15",2017-06-15,-0.00364963503649635,727500,-0.23529411764706,5460,0.00549450549450547,5430,5480,3865,-1.01204819277108,0.335210292039071
"2017-06-16",2017-06-16,0.00549450549450549,950400,-0.231092436974791,5490,0.00546448087431695,5460,5490,3865,-0.982142857142857,0.358542051979847
"2017-06-19",2017-06-19,-0.00182149362477231,527400,-0.232492997198881,5480,0.0036496350364964,5460,5490,3867,-1.00606060606061,0.340558526633554
"2017-06-20",2017-06-20,0.00182481751824818,735400,-0.231092436974791,5490,0.00182149362477235,5480,5490,3867,-0.993975903614458,0.338167097066847
"2017-06-21",2017-06-21,-0.0163934426229508,1314200,-0.243697478991598,5400,0,0,5490,3869,-1.05454545454545,0.257480563430279
"2017-06-22",2017-06-22,-0.012962962962963,752000,-0.253501400560225,5330,0,5330,5400,3870,-1.04022988505747,0.202647964179116
"2017-06-23",2017-06-23,0.0112570356472795,627400,-0.245098039215687,5390,0.0111317254174397,5330,5390,3870,-0.966850828729282,0.31190624172225
"2017-06-26",2017-06-26,-0.00556586270871985,485800,-0.249299719887956,5360,0.00559701492537312,5330,5390,3872,-1.01714285714286,0.25745133496586
"2017-06-27",2017-06-27,0,819700,-0.249299719887956,5360,0.00559701492537312,5330,5390,0,-1,0.25745133496586
"2017-06-28",2017-06-28,0.00186567164179104,704300,-0.247899159663866,5370,0.00744878957169459,5330,5390,0,1.3308504034761,0.275641400373003
"2017-06-29",2017-06-29,0.0111731843575419,778500,-0.239495798319328,5430,0.0128913443830571,5360,5430,3872,1.73066298342541,0.353080572700856
"2017-06-30",2017-06-30,-0.0110497237569061,911900,-0.247899159663866,5370,0.0018621973929237,5360,5430,3876,-1.03508771929825,0.244396008620944
"2017-07-03",2017-07-03,-0.00558659217877095,1130700,-0.252100840336135,5340,0,5340,5370,3877,-1.01694915254237,0.210481192643568
"2017-07-04",2017-07-04,-0.00187265917602996,937300,-0.253501400560225,5330,0,5330,5340,3878,-1.00555555555556,0.202647964179116
"2017-07-05",2017-07-05,0.00375234521575985,786800,-0.250700280112045,5350,0.00373831775700939,5330,5350,3878,-0.988950276243094,0.239222552411268
"2017-07-06",2017-07-06,-0.00186915887850467,667400,-0.252100840336135,5340,0.00187265917602997,5330,5350,3880,-1.00558659217877,0.220954835197161
"2017-07-07",2017-07-07,-0.0187265917602996,903100,-0.266106442577032,5240,0,5240,5340,3881,-1.05555555555556,0.132148907999049
"2017-07-10",2017-07-10,-0.0209923664122137,1249200,-0.281512605042017,5130,0,5130,5240,3882,-1.0578947368421,0.0459833948900784
"2017-07-11",2017-07-11,0.0214424951267057,1117000,-0.266106442577032,5240,0.0209923664122137,5130,5240,3882,-0.945273631840796,0.249557641510128
"2017-07-12",2017-07-12,-0.00572519083969466,1264300,-0.2703081232493,5210,0.0153550863723608,5130,5240,3884,-1.01578947368421,0.194529070953005
"2017-07-13",2017-07-13,-0.00959692898272553,1126300,-0.277310924369749,5160,0.0058139534883721,5130,5240,0,-1.0259067357513,0.1020000868161
"2017-07-14",2017-07-14,0.00775193798449612,954500,-0.27170868347339,5200,0.0134615384615384,5130,5240,0,2.3153846153846,0.176105370805338
"2017-07-17",2017-07-17,0,0,-0.27170868347339,5200,0.0134615384615384,5130,5240,0,-1,0.176105370805338
"2017-07-18",2017-07-18,-0.0134615384615385,825200,-0.281512605042017,5130,0,5130,5210,3888,-1.0360824742268,0.0459833948900784
"2017-07-19",2017-07-19,0.00584795321637427,1000200,-0.277310924369749,5160,0.0058139534883721,5130,5160,3888,-0.985074626865672,0.1020000868161
"2017-07-20",2017-07-20,0.00193798449612403,648900,-0.275910364145659,5170,0.00773694390715662,0,5170,0,1.33075435203094,0.12058845670625
"2017-07-21",2017-07-21,-0.00967117988394584,887800,-0.282913165266107,5120,0,0,5170,3891,-1.0253807106599,0.0381501664256259
"2017-07-24",2017-07-24,0.005859375,551500,-0.278711484593838,5150,0.00582524271844664,5120,5150,3891,-0.985148514851485,0.0942299981701592
"2017-07-25",2017-07-25,-0.0155339805825243,668300,-0.289915966386555,5070,0,0,5150,3893,-1.04020100502513,-0.00101597589663425
"2017-07-26",2017-07-26,0.00591715976331361,532500,-0.285714285714286,5100,0.00588235294117645,5070,5100,3893,-0.985507246376811,0.0553832690474201
"2017-07-27",2017-07-27,0.00392156862745098,671500,-0.282913165266107,5120,0.009765625,0,5120,0,1.66015625000001,0.0927685758359645
"2017-07-28",2017-07-28,0.005859375,652900,-0.278711484593838,5150,0.0155339805825243,0,5150,0,1.59067961165049,0.148530242088787
"2017-07-31",2017-07-31,0.00194174757281553,712400,-0.277310924369749,5160,0.0174418604651163,0,5160,0,1.12281976744186,0.167034099881434
"2017-08-01",2017-08-01,0.0193798449612403,928300,-0.263305322128852,5260,0.0361216730038023,0,5260,0,2.07097591888466,0.349841177378058
"2017-08-02",2017-08-02,-0.00950570342205323,948000,-0.2703081232493,5210,0.0268714011516314,5070,5260,3899,-1.02659574468085,0.258938957213489
"2017-08-03",2017-08-03,0.0115163147792706,688600,-0.261904761904763,5270,0.0113851992409867,5210,5270,3899,-0.968911917098445,0.219325160264724
"2017-08-04",2017-08-04,-0.00379506641366224,607000,-0.264705882352942,5250,0.00761904761904764,5210,5270,3901,-1.01069518716578,0.18259489931012
"2017-08-07",2017-08-07,0.00761904761904762,613700,-0.259103641456583,5290,0.00756143667296783,5250,5290,3901,-0.978835978835979,0.213605599460203
"2017-08-08",2017-08-08,-0.0056710775047259,677500,-0.263305322128852,5260,0.00190114068441061,5250,5290,3903,-1.01621621621622,0.158448302425327
"2017-08-09",2017-08-09,-0.0171102661596958,1034800,-0.275910364145659,5170,0,5170,5260,3904,-1.04787234042553,0.077316308747886
"2017-08-10",2017-08-10,-0.0609284332688588,2463000,-0.320028011204482,4855,0,4855,5170,3905,-1.15989847715736,-0.169430387882349
"2017-08-11",2017-08-11,0,0,-0.320028011204482,4855,0,4855,4855,3905,-1,-0.169430387882349
"2017-08-14",2017-08-14,-0.00102986611740474,1424900,-0.320728291316527,4850,0,0,4855,3907,-1.00218818380744,-0.173347002114575
"2017-08-15",2017-08-15,0.0154639175257732,990400,-0.310224089635855,4925,0.0152284263959391,4850,4925,3907,-0.967248908296943,-0.0294263400481598
"2017-08-16",2017-08-16,0.00101522842639594,795400,-0.30952380952381,4930,0.0162271805273834,0,4930,0,1.0655848546315,-0.0199237687418614
"2017-08-17",2017-08-17,-0.0050709939148073,726200,-0.313025210084034,4905,0.0112130479102956,4850,4930,3910,-1.01131221719457,-0.0675505081902569
"2017-08-18",2017-08-18,-0.00407747196738022,970800,-0.315826330532213,4885,0.00716479017400207,4850,4930,0,-1.0089485458613,-0.105858567519361
"2017-08-21",2017-08-21,-0.015353121801433,807900,-0.326330532212886,4810,0,4810,4905,3912,-1.03325942350333,-0.204679915972382
"2017-08-22",2017-08-22,-0.00831600831600832,917600,-0.331932773109244,4770,0,4770,4810,3913,-1.01716738197425,-0.236012829830191
"2017-08-23",2017-08-23,-0.010482180293501,1132800,-0.338935574229692,4720,0,4720,4770,3914,-1.0210970464135,-0.27517897215245
"2017-08-24",2017-08-24,-0.0328389830508475,2042500,-0.360644257703082,4565,0,4565,4720,3915,-1.06404958677686,-0.396594013351454
"2017-08-25",2017-08-25,0.0186199342825849,1132700,-0.34873949579832,4650,0.0182795698924731,4565,4650,3915,-0.966990291262136,-0.227775305703057
"2017-08-28",2017-08-28,0.00967741935483871,713200,-0.342436974789916,4695,0.0276890308839191,0,4695,0,1.51475286600263,-0.139899366834255
"2017-08-29",2017-08-29,-0.0191693290734824,1156600,-0.355042016806723,4605,0.00868621064060804,4565,4695,3918,-1.03680981595092,-0.316679773772746
"2017-08-30",2017-08-30,-0.00434310532030402,3210400,-0.357843137254902,4585,0.00436205016357694,4565,4695,0,-1.00788954635108,-0.356530936472196
"2017-08-31",2017-08-31,0.00327153762268266,1082300,-0.355742296918768,4600,0.00760869565217392,4565,4695,0,1.74429347826085,-0.326622848654861
"2017-09-01",2017-09-01,0,876300,-0.355742296918768,4600,0.00760869565217392,4565,4695,0,-1,-0.326622848654861
"2017-09-04",2017-09-04,-0.0173913043478261,826000,-0.366946778711485,4520,0,4520,4605,3922,-1.03149606299213,-0.431843541441488
"2017-09-05",2017-09-05,-0.00331858407079646,770400,-0.36904761904762,4505,0,4505,4520,3923,-1.00572519083969,-0.443593384138166
"2017-09-06",2017-09-06,-0.00776914539400666,1215800,-0.373949579831933,4470,0,4470,4505,3924,-1.01328273244782,-0.471009683763748
"2017-09-07",2017-09-07,0.00111856823266219,1242500,-0.373249299719888,4475,0.00111731843575424,4470,4475,3924,-0.99812734082397,-0.46084399118111
"2017-09-08",2017-09-08,0.023463687150838,2314000,-0.358543417366947,4580,0.0240174672489083,0,4580,0,21.4956331877719,-0.250516274672668
"2017-09-11",2017-09-11,0.0131004366812227,1285300,-0.350140056022409,4640,0.0366379310344828,0,4640,0,1.52547021943574,-0.132931594907898
"2017-09-12",2017-09-12,0,1139800,-0.350140056022409,4640,0.0366379310344828,0,4640,0,-1,-0.132931594907898
"2017-09-13",2017-09-13,0.0204741379310345,1132100,-0.336834733893558,4735,0.0559662090813094,0,4735,0,1.52754829492515,0.0495856873887791
"2017-09-14",2017-09-14,-0.00105596620908131,1176000,-0.337535014005603,4730,0.054968287526427,4470,4735,3930,-1.002079002079,0.0400877726208506
"2017-09-15",2017-09-15,-0.00528541226215645,1298800,-0.341036414565827,4705,0.0499468650371945,4470,4735,0,-1.0103734439834,-0.00757973853661109
"2017-09-18",2017-09-18,0,0,-0.341036414565827,4705,0.0499468650371945,4470,4735,0,-1,-0.00757973853661109
"2017-09-19",2017-09-19,0.00212539851222104,1150800,-0.339635854341737,4715,0.0519618239660657,4470,4735,0,1.040342050044,0.0115230043441841
"2017-09-20",2017-09-20,0.0222693531283139,1373600,-0.324929971988796,4820,0.0238589211618258,4705,4820,3930,-0.956701030927835,-0.0634055279195186
"2017-09-21",2017-09-21,0.0197095435684647,2152400,-0.311624649859945,4915,0.0427263479145473,0,4915,0,1.79079127780972,0.116534247596105
"2017-09-22",2017-09-22,-0.0183112919633774,1449500,-0.324229691876751,4825,0.0248704663212436,4705,4915,3936,-1.04044943820225,-0.0538314173515105
"2017-09-25",2017-09-25,-0.00518134715025907,944400,-0.327731092436976,4800,0.0197916666666667,4705,4915,0,-1.01079913606911,-0.101819834698549
"2017-09-26",2017-09-26,0.0166666666666667,1034000,-0.316526610644258,4880,0.0358606557377049,4705,4915,0,1.81190681622088,0.0507186457036297
"2017-09-27",2017-09-27,0.021516393442623,1285300,-0.301820728291317,4985,0.0371113340020061,4800,4985,3936,1.03487605674165,0.139962494466348
"2017-09-28",2017-09-28,-0.00902708124373119,1475500,-0.308123249299721,4940,0.02834008097166,4800,4985,3940,-1.02088167053364,0.0556560049372757
"2017-09-29",2017-09-29,0,1309500,-0.308123249299721,4940,0.02834008097166,4800,4985,0,-1,0.0556560049372757
"2017-10-02",2017-10-02,0,745200,-0.308123249299721,4940,0.02834008097166,4800,4985,0,-1,0.0556560049372757
"2017-10-03",2017-10-03,0,1220200,-0.308123249299721,4940,0.02834008097166,4800,4985,0,-1,0.0556560049372757
"2017-10-04",2017-10-04,0.00910931174089069,1040700,-0.301820728291317,4985,0.00902708124373119,4940,4985,3940,-0.979545454545455,-0.0171106283634643
"2017-10-05",2017-10-05,0.0270812437311936,1223500,-0.282913165266107,5120,0.03515625,0,5120,0,3.89453125,0.234776440302845
"2017-10-06",2017-10-06,-0.015625,941900,-0.294117647058824,5040,0.0198412698412699,4940,5120,3946,-1.03960396039604,0.0864550752897459
"2017-10-09",2017-10-09,0,0,-0.294117647058824,5040,0.0198412698412699,4940,5120,0,-1,0.0864550752897459
"2017-10-10",2017-10-10,-0.0119047619047619,1179300,-0.302521008403362,4980,0.00803212851405621,4940,5120,0,-1.02857142857143,-0.0265919387143024
"2017-10-11",2017-10-11,0.0120481927710843,803400,-0.294117647058824,5040,0.0198412698412699,4940,5120,0,2.4702380952381,0.0864550752897459
"2017-10-12",2017-10-12,0.00793650793650794,846500,-0.288515406162466,5080,0.0275590551181102,4940,5120,0,1.38897637795275,0.160952984321089
"2017-10-13",2017-10-13,0.015748031496063,1938200,-0.277310924369749,5160,0.0348837209302325,4980,5160,3946,1.26578073089701,0.264585119479434
"2017-10-16",2017-10-16,-0.00775193798449612,1059200,-0.282913165266107,5120,0.02734375,4980,5160,3952,-1.02020202020202,0.191081712774573
"2017-10-17",2017-10-17,-0.0078125,1079200,-0.288515406162466,5080,0.0196850393700787,4980,5160,0,-1.01980198019802,0.116914203820154
"2017-10-18",2017-10-18,0.00393700787401575,1286600,-0.285714285714286,5100,0.0235294117647059,4980,5160,0,1.19529411764706,0.154081947699515
"2017-10-19",2017-10-19,0.0176470588235294,869600,-0.27310924369748,5190,0.0211946050096339,5080,5190,3952,-0.955882352941178,0.211522604520344
"2017-10-20",2017-10-20,-0.0154142581888247,1419700,-0.284313725490197,5110,0.0058708414872799,5080,5190,3956,-1.04102564102564,0.0631521148121639
"2017-10-23",2017-10-23,-0.0117416829745597,1425200,-0.292717086834735,5050,0,5050,5110,3957,-1.02955665024631,-0.016682432825538
"2017-10-24",2017-10-24,-0.0099009900990099,1724100,-0.299719887955183,5000,0,5000,5050,3958,-1.02392344497608,-0.0558485751477976
"2017-10-25",2017-10-25,-0.041,4158800,-0.328431372549021,4795,0,4795,5000,3959,-1.09579439252336,-0.216429758669063
"2017-10-26",2017-10-26,0.00521376433785193,1054100,-0.324929971988796,4820,0.00518672199170123,4795,4820,3959,-0.989339019189765,-0.167837739771321
"2017-10-27",2017-10-27,-0.004149377593361,2427800,-0.327731092436976,4800,0.00104166666666672,4795,4820,3961,-1.00862068965517,-0.2066871807664
"2017-10-30",2017-10-30,0,1260500,-0.327731092436976,4800,0.00104166666666672,4795,4820,0,-1,-0.2066871807664
"2017-10-31",2017-10-31,0.00520833333333333,1266300,-0.324229691876752,4825,0.00518134715025909,4800,4825,3961,4.97409326424847,-0.163951186624833
"2017-11-01",2017-11-01,0,953800,-0.324229691876752,4825,0.00518134715025909,0,4825,0,-1,-0.163951186624833
"2017-11-02",2017-11-02,0.00103626943005181,1014800,-0.323529411764707,4830,0.00621118012422361,0,4830,0,1.19875776397515,-0.154274793679389
"2017-11-03",2017-11-03,0,0,-0.323529411764707,4830,0.00621118012422361,0,4830,0,-1,-0.154274793679389
"2017-11-06",2017-11-06,-0.0072463768115942,1080800,-0.328431372549021,4795,0,0,4830,3967,-1.01515151515152,-0.216429758669063
"2017-11-07",2017-11-07,0.0218978102189781,1444800,-0.313725490196079,4900,0.0214285714285715,4795,4900,3967,-0.955223880597015,-0.0143324642862025
"2017-11-08",2017-11-08,-0.00306122448979592,795700,-0.315826330532214,4885,0.0184237461617196,4795,4900,3969,-1.00669642857143,-0.0428880697099397
"2017-11-09",2017-11-09,0.0122824974411464,2263200,-0.307422969187676,4945,0.0121334681496461,4885,4945,3969,-0.973392461197339,-0.0310697528515003
"2017-11-10",2017-11-10,-0.00606673407482305,1661500,-0.311624649859945,4915,0.00610376398779244,4885,4945,3971,-1.01366742596811,-0.0882931221396754
"2017-11-13",2017-11-13,-0.0111902339776195,1382900,-0.319327731092438,4860,0,4860,4915,3972,-1.0247191011236,-0.165513773650124
"2017-11-14",2017-11-14,-0.00823045267489712,899700,-0.324929971988796,4820,0,4820,4860,3973,-1.01754385964912,-0.196846687507932
"2017-11-15",2017-11-15,0.0217842323651452,2507200,-0.310224089635855,4925,0.0213197969543147,4820,4925,3973,-0.954741379310345,0.00464223938504844
"2017-11-16",2017-11-16,-0.0101522842639594,1608900,-0.317226890756303,4875,0.0112820512820513,4820,4925,3975,-1.02257336343115,-0.090664262892108
"2017-11-17",2017-11-17,-0.0246153846153846,2205800,-0.334033613445379,4755,0,4755,4875,3976,-1.05298013245033,-0.24776267252687
"2017-11-20",2017-11-20,0.00315457413249211,1076700,-0.331932773109245,4770,0.00314465408805031,4755,4770,3976,-0.9937106918239,-0.218425014976046
"2017-11-21",2017-11-21,-0.010482180293501,1261100,-0.338935574229693,4720,0,0,4770,3978,-1.0210970464135,-0.275178972152451
"2017-11-22",2017-11-22,0.00105932203389831,893900,-0.338235294117648,4725,0.00105820105820109,4720,4725,3978,-0.997933884297521,-0.265343918635973
"2017-11-23",2017-11-23,0,0,-0.338235294117648,4725,0.00105820105820109,0,4725,0,-1,-0.265343918635973
"2017-11-24",2017-11-24,0.019047619047619,776400,-0.325630252100841,4815,0.019730010384216,0,4815,0,18.6448598130835,-0.0904148309730195
"2017-11-27",2017-11-27,-0.00103842159916926,709800,-0.326330532212886,4810,0.0187110187110187,4720,4815,3982,-1.00215053763441,-0.100030589335029
"2017-11-28",2017-11-28,0.00623700623700624,712000,-0.322128851540617,4840,0.00619834710743805,4810,4840,3982,-0.987124463519313,-0.146513339316929
"2017-11-29",2017-11-29,0.0206611570247934,1411300,-0.308123249299721,4940,0.0263157894736842,0,4940,0,4.24561403508769,0.0443342941607192
"2017-11-30",2017-11-30,0.0283400809716599,2412900,-0.288515406162466,5080,0.0531496062992126,0,5080,0,2.01968503937008,0.304079020949125
"2017-12-01",2017-12-01,0.00393700787401575,1268900,-0.285714285714286,5100,0.0568627450980392,0,5100,0,1.06986201888163,0.34051278515347
"2017-12-04",2017-12-04,0.00196078431372549,951900,-0.284313725490197,5110,0.0587084148727984,0,5110,0,1.03245833052163,0.358668706471076
"2017-12-05",2017-12-05,0.0136986301369863,1470300,-0.27450980392157,5180,0.0714285714285714,0,5180,0,1.21666666666667,0.484644188899385
"2017-12-06",2017-12-06,-0.0347490347490347,1518100,-0.299719887955183,5000,0.038,4810,5180,3989,-1.09183673469388,0.156682579549712
"2017-12-07",2017-12-07,0.01,1041000,-0.292717086834735,5050,0.0475247524752476,4810,5180,0,1.25065138092757,0.249119949287034
"2017-12-08",2017-12-08,-0.0099009900990099,2653700,-0.299719887955183,5000,0.038,4810,5180,0,-1.02392344497608,0.156682579549712
"2017-12-11",2017-12-11,-0.008,1297800,-0.305322128851542,4960,0.030241935483871,4810,5180,0,-1.01869158878505,0.0819593917489915
"2017-12-12",2017-12-12,-0.00100806451612903,841100,-0.306022408963586,4955,0.029263370332997,4810,5180,0,-1.00229357798165,0.0725697358993451
"2017-12-13",2017-12-13,-0.00908173562058527,1236700,-0.31232492997199,4910,0.0203665987780041,4810,5180,0,-1.02059496567506,-0.0124387693397043
"2017-12-14",2017-12-14,-0.00509164969450102,1188300,-0.315826330532214,4885,0.015353121801433,4810,5180,0,-1.01121076233184,-0.0600618418397821
"2017-12-15",2017-12-15,-0.0133060388945752,1319100,-0.324929971988796,4820,0.00207468879668049,4810,5180,0,-1.02882483370288,-0.185243108413288
"2017-12-18",2017-12-18,0.0020746887966805,1276900,-0.323529411764707,4830,0.00414078674948237,4810,5180,0,1.99585921325051,-0.165854348800753
"2017-12-19",2017-12-19,-0.0134575569358178,1096500,-0.332633053221289,4765,0,4765,5050,3998,-1.02813852813853,-0.239929444062417
"2017-12-20",2017-12-20,0.00209863588667366,636400,-0.3312324929972,4775,0.00209424083769638,4765,4775,3998,-0.995789473684211,-0.220383283401906
"2017-12-21",2017-12-21,0.00837696335078534,775900,-0.325630252100841,4815,0.0103842159916926,0,4815,0,4.9584631360331,-0.142685159231138
"2017-12-22",2017-12-22,0,730300,-0.325630252100841,4815,0.0103842159916926,0,4815,0,-1,-0.142685159231138
"2017-12-25",2017-12-25,-0.00415368639667705,432000,-0.32843137254902,4795,0.00625651720542231,4765,4815,4002,-1.00860215053763,-0.181437526404503
"2017-12-26",2017-12-26,0.00625651720542232,704600,-0.324229691876751,4825,0.00621761658031084,4795,4825,4002,-0.987206823027719,-0.158155409294657
"2017-12-27",2017-12-27,-0.00932642487046632,508000,-0.330532212885155,4780,0,0,4825,4004,-1.01943844492441,-0.22817960136574
"2017-12-28",2017-12-28,-0.00209205020920502,558400,-0.331932773109244,4770,0,4770,4780,4005,-1.00423728813559,-0.236012829830191
"2017-12-29",2017-12-29,0.0010482180293501,547200,-0.3312324929972,4775,0.00104712041884814,4770,4775,4005,-0.99789029535865,-0.226239749499936
"2018-01-01",2018-01-01,0,0,-0.3312324929972,4775,0.00104712041884814,0,4775,0,-1,-0.226239749499936
"2018-01-02",2018-01-02,0,0,-0.3312324929972,4775,0.00104712041884814,0,4775,0,-1,-0.226239749499936
"2018-01-03",2018-01-03,0,0,-0.3312324929972,4775,0.00104712041884814,0,4775,0,-1,-0.226239749499936
"2018-01-04",2018-01-04,0.0146596858638743,1527100,-0.321428571428572,4845,0.0154798761609907,0,4845,0,14.7832817337465,-0.0906858280554921
"2018-01-05",2018-01-05,-0.00103199174406605,1114900,-0.322128851540617,4840,0.0144628099173554,4770,4845,4011,-1.00217864923747,-0.10029081763413
"2018-01-08",2018-01-08,0,0,-0.322128851540617,4840,0.0144628099173554,4770,4845,0,-1,-0.10029081763413
"2018-01-09",2018-01-09,-0.00723140495867769,1173900,-0.327030812324931,4805,0.00728407908428719,4770,4845,0,-1.01521739130435,-0.167857221291675
"2018-01-10",2018-01-10,0.0228928199791883,1515200,-0.311624649859945,4915,0.0223804679552391,4805,4915,4011,3.07251852928354,0.00274126440955998
"2018-01-11",2018-01-11,0.0142421159715158,1545700,-0.301820728291317,4985,0.0361083249749248,0,4985,0,1.61338561137959,0.134352740079569
"2018-01-12",2018-01-12,-0.00702106318956871,1362400,-0.306722689075631,4950,0.0292929292929293,4805,4985,4016,-1.01624129930394,0.0688184427167519
"2018-01-15",2018-01-15,-0.0101010101010101,1200400,-0.313725490196079,4900,0.0193877551020408,4805,4985,0,-1.02283105022831,-0.0257465971915469
"2018-01-16",2018-01-16,0.0173469387755102,973200,-0.301820728291317,4985,0.0170511534603811,4900,4985,4016,-0.962053571428572,0.027767406730767
"2018-01-17",2018-01-17,-0.00702106318956871,850400,-0.306722689075631,4950,0.0101010101010101,4900,4985,4019,-1.01624129930394,-0.0385205243021925
"2018-01-18",2018-01-18,-0.00404040404040404,1389100,-0.30952380952381,4930,0.00608519269776875,4900,4985,0,-1.00913242009132,-0.0766471472775497
"2018-01-19",2018-01-19,0,807600,-0.30952380952381,4930,0.00608519269776875,4900,4985,0,-1,-0.0766471472775497
"2018-01-22",2018-01-22,-0.00202839756592292,614600,-0.3109243697479,4920,0.00406504065040647,4900,4985,0,-1.00452488687783,-0.0957789348812238
"2018-01-23",2018-01-23,0.0223577235772358,1046400,-0.295518207282914,5030,0.0218687872763419,4920,5030,4019,5.37972166998015,0.0899616000264832
"2018-01-24",2018-01-24,-0.0159045725646123,990600,-0.306722689075631,4950,0.0060606060606061,4920,5030,4024,-1.03791469194313,-0.0611182015693376
"2018-01-25",2018-01-25,0.0404040404040404,2507500,-0.278711484593838,5150,0.0388349514563107,4950,5150,4024,6.40776699029122,0.278850827493494
"2018-01-26",2018-01-26,0.00388349514563107,1682900,-0.275910364145659,5170,0.0425531914893617,0,5170,0,1.09574468085106,0.315313122518893
"2018-01-29",2018-01-29,-0.02321083172147,1295800,-0.292717086834735,5050,0.0198019801980198,4950,5170,4027,-1.06091370558376,0.0940685597213672
"2018-01-30",2018-01-30,-0.0168316831683168,1528300,-0.304621848739497,4965,0.00302114803625375,4950,5170,0,-1.04066985645933,-0.0663678200192444
"2018-01-31",2018-01-31,-0.0161127895266868,1201700,-0.315826330532214,4885,0,4885,5050,4029,-1.0367816091954,-0.145930702488994
"2018-02-01",2018-02-01,0.00614124872057318,1165900,-0.311624649859945,4915,0.00610376398779244,4885,4915,4029,-0.98669623059867,-0.0882931221396754
"2018-02-02",2018-02-02,-0.00406917599186165,869800,-0.314425770308124,4895,0.00204290091930537,4885,4915,4031,-1.00898876404494,-0.126671682147896
"2018-02-05",2018-02-05,-0.00817160367722165,1476800,-0.320028011204483,4855,0,4855,4895,4032,-1.01781737193764,-0.16943038788235
"2018-02-06",2018-02-06,-0.0484037075180227,2786700,-0.352941176470589,4620,0,4620,4855,4033,-1.10284463894967,-0.35351125679697
"2018-02-07",2018-02-07,-0.00974025974025974,2194500,-0.359243697478992,4575,0,4575,4620,4034,-1.01785714285714,-0.388760784887004
"2018-02-08",2018-02-08,0.0174863387978142,1411300,-0.348039215686275,4655,0.0171858216970999,4575,4655,4034,-0.968810916179338,-0.229975943231648
"2018-02-09",2018-02-09,-0.0193340494092374,1909000,-0.360644257703082,4565,0,0,4655,4036,-1.03621730382294,-0.396594013351456
"2018-02-12",2018-02-12,0,0,-0.360644257703082,4565,0,4565,4565,4036,-1,-0.396594013351456
"2018-02-13",2018-02-13,0.00876232201533406,1873700,-0.355042016806723,4605,0.00868621064060804,0,4605,0,-0.984466019417476,-0.316679773772748
"2018-02-14",2018-02-14,0.0173724212812161,3765200,-0.343837535014006,4685,0.0256136606189968,0,4685,0,2.94877267876201,-0.159339985794203
"2018-02-15",2018-02-15,0.0501600853788687,2530500,-0.3109243697479,4920,0.0721544715447154,0,4920,0,2.81703082655826,0.285040153820455
"2018-02-16",2018-02-16,0.0152439024390244,1584000,-0.300420168067228,4995,0.086086086086086,0,4995,0,1.19308040434801,0.421707844284847
"2018-02-19",2018-02-19,-0.00700700700700701,1430700,-0.305322128851542,4960,0.0796370967741935,4565,4995,4042,-1.01631701631702,0.358222830314833
"2018-02-20",2018-02-20,0.00504032258064516,905300,-0.301820728291317,4985,0.0842527582748245,4565,4995,0,1.05795868618514,0.403620950644962
"2018-02-21",2018-02-21,-0.00300902708124373,1055000,-0.303921568627452,4970,0.0814889336016097,4565,4995,0,-1.00696055684455,0.376413243496184
"2018-02-22",2018-02-22,0,1097900,-0.303921568627452,4970,0.0814889336016097,4565,4995,0,-1,0.376413243496184
"2018-02-23",2018-02-23,-0.00603621730382294,894500,-0.308123249299721,4940,0.0759109311740891,4565,4995,0,-1.01382488479263,0.321716208186342
"2018-02-26",2018-02-26,0.0111336032388664,857000,-0.300420168067228,4995,0.011011011011011,4940,4995,4042,-0.975,0.00181857073990173
"2018-02-27",2018-02-27,0,1124200,-0.300420168067228,4995,0.011011011011011,0,4995,0,-1,0.00181857073990173
"2018-02-28",2018-02-28,-0.01001001001001,1366100,-0.307422969187676,4945,0.00101112234580381,4940,4995,4049,-1.02331002331002,-0.0932762001313847
"2018-03-01",2018-03-01,-0.0303336703741153,1269400,-0.32843137254902,4795,0,4795,4945,4050,-1.06833712984055,-0.216429758669062
"2018-03-02",2018-03-02,-0.0427528675703858,2531500,-0.357142857142858,4590,0,4590,4795,4051,-1.08742004264392,-0.377010942190326
"2018-03-05",2018-03-05,-0.014161220043573,1422700,-0.366246498599441,4525,0,4525,4590,4052,-1.02549019607843,-0.427926927209264
"2018-03-06",2018-03-06,0.0154696132596685,953300,-0.356442577030813,4595,0.015233949945593,4525,4595,4052,-0.973231357552581,-0.287891986575444
"2018-03-07",2018-03-07,0.0261153427638738,1836000,-0.339635854341737,4715,0.0402969247083775,0,4715,0,2.6452052719285,-0.0537179037786218
"2018-03-08",2018-03-08,-0.0095440084835631,1252500,-0.345938375350141,4670,0.0310492505353319,4525,4715,4055,-1.01855670103093,-0.140688981086122
"2018-03-09",2018-03-09,-0.00749464668094218,1953800,-0.350840336134455,4635,0.0237324703344121,4525,4715,0,-1.01417004048583,-0.209027484521424
"2018-03-12",2018-03-12,0.0204962243797195,1166800,-0.337535014005603,4730,0.0200845665961945,4635,4730,4055,-0.962075848303393,-0.15501426657515
"2018-03-13",2018-03-13,0.0116279069767442,948800,-0.32983193277311,4785,0.0313479623824452,0,4785,0,1.56079854809438,-0.0489361807504825
"2018-03-14",2018-03-14,-0.00731452455590387,826000,-0.334733893557424,4750,0.0242105263157895,4635,4785,4059,-1.01486199575372,-0.116271625871485
"2018-03-15",2018-03-15,0.00105263157894737,766600,-0.334033613445379,4755,0.0252365930599369,4635,4785,0,1.04238101769304,-0.106616297167408
"2018-03-16",2018-03-16,-0.0168243953732913,1564200,-0.345238095238096,4675,0.00855614973262031,4635,4785,0,-1.0335429769392,-0.262574595441469
"2018-03-19",2018-03-19,-0.00855614973262032,906200,-0.350840336134454,4635,0,4635,4755,4062,-1.01622718052738,-0.341761414100292
"2018-03-20",2018-03-20,-0.00323624595469256,661400,-0.352941176470589,4620,0,4620,4635,4063,-1.0059880239521,-0.35351125679697
"2018-03-21",2018-03-21,0,0,-0.352941176470589,4620,0,4620,4620,4063,-1,-0.35351125679697
"2018-03-22",2018-03-22,0.0119047619047619,1090200,-0.345238095238096,4675,0.0117647058823529,0,4675,0,-0.978174603174603,-0.244629381141088
"2018-03-23",2018-03-23,-0.0577540106951872,2491700,-0.383053221288516,4405,0,0,4675,4066,-1.10953346855984,-0.521925668782686
"2018-03-26",2018-03-26,0.00113507377979569,1063600,-0.382352941176471,4410,0.00113378684807253,4405,4410,4066,-0.9981718464351,-0.511667869603046
"2018-03-27",2018-03-27,0.0170068027210884,1869500,-0.371848739495799,4485,0.0178372352285395,0,4485,0,15.7324414715724,-0.359497520021476
"2018-03-28",2018-03-28,0.0167224080267559,1352400,-0.361344537815127,4560,0.0339912280701754,0,4560,0,1.90563322368421,-0.210400234127345
"2018-03-29",2018-03-29,0.0197368421052632,1113400,-0.34873949579832,4650,0.0526881720430108,0,4650,0,1.55005202913632,-0.0353305702667158
"2018-03-30",2018-03-30,0.0043010752688172,883800,-0.345938375350141,4670,0.056745182012848,0,4670,0,1.07700039330507,0.00302643964926167
"2018-04-02",2018-04-02,-0.00642398286937901,696800,-0.35014005602241,4640,0.0506465517241379,4405,4670,4072,-1.01214574898785,-0.0545824283054829
"2018-04-03",2018-04-03,0.00323275862068966,916500,-0.348039215686275,4655,0.0537056928034372,4405,4670,0,1.06040176428914,-0.0257230386096976
"2018-04-04",2018-04-04,0.0171858216970999,965200,-0.336834733893558,4735,0.0200633579725449,4640,4735,4072,-0.967806841046278,-0.151216270586971
"2018-04-05",2018-04-05,-0.00422386483632524,933400,-0.339635854341737,4715,0.0159066808059385,4640,4735,4075,-1.00831600831601,-0.19013071167176
"2018-04-06",2018-04-06,0.0031813361611877,1301400,-0.337535014005603,4730,0.0190274841437632,4640,4735,0,1.19619450317125,-0.160926449581089
"2018-04-09",2018-04-09,0.00211416490486258,607000,-0.336134453781513,4740,0.00527426160337552,4715,4740,4075,-0.995850622406639,-0.23001396499349
"2018-04-10",2018-04-10,0.00210970464135021,787300,-0.334733893557424,4750,0.00736842105263158,0,4750,0,1.39705263157895,-0.210468259532431
"2018-04-11",2018-04-11,-0.0126315789473684,756100,-0.343137254901961,4690,0,0,4750,4079,-1.02510460251046,-0.298678657545806
"2018-04-12",2018-04-12,0.0362473347547974,1655200,-0.319327731092438,4860,0.0349794238683128,4690,4860,4079,-0.93061224489796,0.0301235249126697
"2018-04-13",2018-04-13,0.00205761316872428,828300,-0.317927170868348,4870,0.0369609856262834,0,4870,0,1.05664935378669,0.0490394799172768
"2018-04-16",2018-04-16,0.0112936344969199,917900,-0.310224089635855,4925,0.0477157360406092,0,4925,0,1.29097574732093,0.152272750262294
"2018-04-17",2018-04-17,-0.00406091370558376,965000,-0.313025210084034,4905,0.0438328236493374,4690,4925,4083,-1.00902934537246,0.114889455067436
"2018-04-18",2018-04-18,0.017329255861366,1041200,-0.301120448179272,4990,0.0170340681362725,4905,4990,4083,-0.961968680089486,0.031588464024542
"2018-04-19",2018-04-19,0.00801603206412826,936300,-0.295518207282914,5030,0.0248508946322068,0,5030,0,1.45889369664367,0.106640303178429
"2018-04-20",2018-04-20,0.0198807157057654,1573400,-0.281512605042017,5130,0.043859649122807,0,5130,0,1.76491228070175,0.291287128382126
"2018-04-23",2018-04-23,0.00389863547758285,867600,-0.278711484593838,5150,0.0475728155339806,0,5150,0,1.08466019417476,0.32772104702026
"2018-04-24",2018-04-24,0.0058252427184466,863900,-0.274509803921569,5180,0.053088803088803,0,5180,0,1.11594830982586,0.38207123779055
"2018-04-25",2018-04-25,0,590400,-0.274509803921569,5180,0.053088803088803,0,5180,0,-1,0.38207123779055
"2018-04-26",2018-04-26,-0.00386100386100386,650900,-0.277310924369748,5160,0.0494186046511628,4905,5180,4090,-1.01020408163265,0.345877635811102
"2018-04-27",2018-04-27,0.00387596899224806,756100,-0.274509803921569,5180,0.00386100386100385,5160,5180,4090,-0.98989898989899,0.106743842708936
"2018-04-30",2018-04-30,0,0,-0.274509803921569,5180,0.00386100386100385,0,5180,0,-1,0.106743842708936
"2018-05-01",2018-05-01,0.00579150579150579,994100,-0.2703081232493,5210,0.00959692898272557,0,5210,0,2.48560460652593,0.162324127822765
"2018-05-02",2018-05-02,0,703500,-0.2703081232493,5210,0.00959692898272557,0,5210,0,-1,0.162324127822765
"2018-05-03",2018-05-03,0,0,-0.2703081232493,5210,0.00959692898272557,0,5210,0,-1,0.162324127822765
"2018-05-04",2018-05-04,0,0,-0.2703081232493,5210,0.00959692898272557,0,5210,0,-1,0.162324127822765
"2018-05-07",2018-05-07,0.00191938579654511,606600,-0.26890756302521,5220,0.0114942528735632,0,5220,0,1.19770114942528,0.180768946743925
"2018-05-08",2018-05-08,0.00766283524904215,707400,-0.263305322128852,5260,0.0190114068441065,0,5260,0,1.65399239543727,0.254144739901694
"2018-05-09",2018-05-09,-0.00570342205323194,618100,-0.267507002801121,5230,0.0133843212237094,5160,5260,4099,-1.01595744680851,0.199173185969266
"2018-05-10",2018-05-10,-0.011472275334608,584100,-0.275910364145659,5170,0.00193423597678921,5160,5260,0,-1.03141361256544,0.0881343457374794
"2018-05-11",2018-05-11,0.00580270793036751,799300,-0.27170868347339,5200,0.00769230769230766,5160,5260,0,3.97692307692297,0.143838495092156
"2018-05-14",2018-05-14,0.00192307692307692,610600,-0.2703081232493,5210,0.00959692898272557,5160,5260,0,1.24760076775433,0.162324127822765
"2018-05-15",2018-05-15,-0.0134357005758157,1030000,-0.280112044817928,5140,0,5140,5230,4103,-1.03626943005181,0.0538166233545315
"2018-05-16",2018-05-16,0.00972762645914397,2554100,-0.273109243697479,5190,0.00963391136801539,5140,5190,4103,-0.975,0.146864510605681
"2018-05-17",2018-05-17,0.0289017341040462,1904800,-0.252100840336135,5340,0.0374531835205992,0,5340,0,3.88764044943821,0.419954043715431
"2018-05-18",2018-05-18,-0.00187265917602996,1324800,-0.253501400560225,5330,0.0356472795497186,5140,5340,4106,-1.00555555555556,0.402020529561398
"2018-05-21",2018-05-21,-0.00375234521575985,900400,-0.256302521008404,5310,0.032015065913371,5140,5340,0,-1.01104972375691,0.366039373731415
"2018-05-22",2018-05-22,0.00188323917137476,925500,-0.254901960784314,5320,0.0338345864661654,5140,5340,0,1.05683325961964,0.384049044408532
"2018-05-23",2018-05-23,0.0075187969924812,896700,-0.249299719887956,5360,0.00932835820895528,5310,5360,4106,-0.978021978021978,0.278320458561455
"2018-05-24",2018-05-24,0,1083000,-0.249299719887956,5360,0.00932835820895528,0,5360,0,-1,0.278320458561455
"2018-05-25",2018-05-25,-0.00932835820895522,668100,-0.256302521008404,5310,0,0,5360,4111,-1.02808988764045,0.186981507250215
"2018-05-28",2018-05-28,-0.00188323917137476,475400,-0.257703081232493,5300,0,5300,5310,4112,-1.00546448087432,0.179148278785763
"2018-05-29",2018-05-29,-0.0113207547169811,709100,-0.266106442577031,5240,0,5240,5300,4113,-1.03260869565217,0.132148907999052
"2018-05-30",2018-05-30,-0.00954198473282443,1229700,-0.273109243697479,5190,0,5190,5240,4114,-1.02631578947368,0.0929827656767923
"2018-05-31",2018-05-31,0.00192678227360308,900300,-0.27170868347339,5200,0.00192307692307692,5190,5200,4114,-0.994871794871795,0.111571619378972
"2018-06-01",2018-06-01,-0.00192307692307692,635500,-0.273109243697479,5190,0,0,5200,4116,-1.00515463917526,0.0929827656767923
"2018-06-04",2018-06-04,0.00385356454720617,453100,-0.2703081232493,5210,0.00383877159309021,5190,5210,4116,-0.98974358974359,0.130119184692524
"2018-06-05",2018-06-05,0.00191938579654511,623300,-0.26890756302521,5220,0.00574712643678166,0,5220,0,1.49712643678162,0.148625698907037
"2018-06-06",2018-06-06,0.0191570881226054,921400,-0.254901960784314,5320,0.0244360902255639,0,5320,0,4.25187969924809,0.331483958660237
"2018-06-07",2018-06-07,-0.0075187969924812,1091600,-0.260504201680673,5280,0.0170454545454546,5190,5320,4120,-1.02197802197802,0.258815772827633
"2018-06-08",2018-06-08,-0.0132575757575758,1238500,-0.2703081232493,5210,0.00383877159309021,5190,5320,0,-1.03763440860215,0.130119184692524
"2018-06-11",2018-06-11,0.0134357005758157,560400,-0.260504201680673,5280,0.0170454545454546,5190,5320,0,4.44034090909093,0.258815772827632
"2018-06-12",2018-06-12,0.00946969696969697,802100,-0.253501400560224,5330,0.0225140712945591,5210,5330,4120,1.32082551594746,0.3285674791574
"2018-06-13",2018-06-13,0.00562851782363977,635000,-0.249299719887956,5360,0.0279850746268657,0,5360,0,1.24300373134329,0.382666076539415
"2018-06-14",2018-06-14,-0.0167910447761194,695000,-0.261904761904762,5270,0.0113851992409867,5210,5360,4125,-1.05056179775281,0.219325160264725
"2018-06-15",2018-06-15,-0.00189753320683112,1056400,-0.263305322128852,5260,0.00950570342205326,5210,5360,0,-1.00534759358289,0.200980052414825
"2018-06-18",2018-06-18,-0.00950570342205323,655000,-0.2703081232493,5210,0,5210,5270,4127,-1.02659574468085,0.108649222605695
"2018-06-19",2018-06-19,-0.0153550863723608,1074500,-0.281512605042017,5130,0,5130,5210,4128,-1.04145077720207,0.0459833948900803
"2018-06-20",2018-06-20,0.00389863547758285,958300,-0.278711484593838,5150,0.00388349514563102,5130,5150,4128,-0.990049751243781,0.083369949386435
"2018-06-21",2018-06-21,0.00776699029126214,732300,-0.273109243697479,5190,0.0115606936416185,0,5190,0,2.9768786127168,0.157640859591458
"2018-06-22",2018-06-22,0.0173410404624277,940900,-0.260504201680673,5280,0.0284090909090909,0,5280,0,2.45738636363637,0.32237174014148
"2018-06-25",2018-06-25,0.00189393939393939,863500,-0.259103641456583,5290,0.0302457466918714,0,5290,0,1.06465028355387,0.340477246876885
"2018-06-26",2018-06-26,-0.00189035916824197,876800,-0.260504201680673,5280,0.0284090909090909,5130,5290,4133,-1.00540540540541,0.32237174014148
"2018-06-27",2018-06-27,-0.0208333333333333,824500,-0.275910364145659,5170,0.00773694390715662,5130,5290,0,-1.05913978494624,0.120588456706252
"2018-06-28",2018-06-28,0.00773694390715667,1141200,-0.2703081232493,5210,0.0153550863723608,5130,5290,0,1.98464491362765,0.194529070953007
"2018-06-29",2018-06-29,0.00767754318618042,1004700,-0.264705882352942,5250,0.0228571428571429,5130,5290,0,1.48857142857143,0.267820425003358
"2018-07-02",2018-07-02,-0.020952380952381,766600,-0.280112044817928,5140,0.00194552529182879,5130,5290,0,-1.05820105820106,0.0646978006378363
"2018-07-03",2018-07-03,-0.00778210116731518,968200,-0.285714285714286,5100,0,5100,5280,4138,-1.02,0.0224837094967233
"2018-07-04",2018-07-04,-0.00784313725490196,563100,-0.291316526610645,5060,0,5060,5100,4139,-1.01960784313725,-0.00884920436108366
"2018-07-05",2018-07-05,-0.00592885375494071,812200,-0.295518207282914,5030,0,5030,5060,4140,-1.01442307692308,-0.0323488897544394
"2018-07-06",2018-07-06,0,827400,-0.295518207282914,5030,0,5030,5030,4140,-1,-0.0323488897544394
"2018-07-09",2018-07-09,0.0119284294234592,470500,-0.287114845938376,5090,0.0117878192534381,0,5090,0,-0.971563981042654,0.0805788714875018
"2018-07-10",2018-07-10,0,667200,-0.287114845938376,5090,0.0117878192534381,0,5090,0,-1,0.0805788714875018
"2018-07-11",2018-07-11,-0.0176817288801572,705300,-0.299719887955183,5000,0,0,5090,4144,-1.04390243902439,-0.0558485751477963
"2018-07-12",2018-07-12,-0.008,1135400,-0.305322128851541,4960,0,4960,5000,4145,-1.01869158878505,-0.0871814890056033
"2018-07-13",2018-07-13,0.0100806451612903,1059300,-0.298319327731093,5010,0.00998003992015972,4960,5010,4145,-0.977064220183486,0.00780226932083486
"2018-07-16",2018-07-16,0,0,-0.298319327731093,5010,0.00998003992015972,0,5010,0,-1,0.00780226932083486
"2018-07-17",2018-07-17,0.0279441117764471,1279300,-0.278711484593838,5150,0.0368932038834952,0,5150,0,3.6966990291262,0.26799077870977
"2018-07-18",2018-07-18,-0.0271844660194175,1365000,-0.298319327731093,5010,0.00998003992015972,4960,5150,4149,-1.07035175879397,0.00780226932083486
"2018-07-19",2018-07-19,0.00798403193612774,936700,-0.292717086834734,5050,0.0178217821782178,4960,5150,0,1.78574257425742,0.082993460466678
"2018-07-20",2018-07-20,-0.0683168316831683,4736900,-0.341036414565827,4705,0,4705,5050,4151,-1.16507177033493,-0.286928814849127
"2018-07-23",2018-07-23,-0.00318809776833156,1817400,-0.343137254901961,4690,0,4690,4705,4152,-1.00616016427105,-0.298678657545805
"2018-07-24",2018-07-24,0.00639658848614072,1305100,-0.338935574229692,4720,0.00635593220338981,4690,4720,4152,-0.987755102040816,-0.239630719248093
"2018-07-25",2018-07-25,-0.00635593220338983,1166700,-0.343137254901961,4690,0,0,4720,4154,-1.01239669421488,-0.298678657545805
"2018-07-26",2018-07-26,-0.00106609808102345,1336800,-0.343837535014006,4685,0,4685,4690,4155,-1.00204081632653,-0.302595271778031
"2018-07-27",2018-07-27,0.00426894343649947,1098600,-0.341036414565827,4705,0.00425079702444209,4685,4705,4155,-0.991853360488798,-0.263154425375721
"2018-07-30",2018-07-30,-0.00425079702444208,903100,-0.343837535014006,4685,0,0,4705,4157,-1.0082135523614,-0.302595271778031
"2018-07-31",2018-07-31,0.00106723585912487,1106900,-0.343137254901961,4690,0.00106609808102343,4685,4690,4157,-0.997963340122199,-0.292716050804207
"2018-08-01",2018-08-01,0.00746268656716418,1071500,-0.338235294117648,4725,0.00846560846560851,0,4725,0,7.940740740741,-0.223914843646203
"2018-08-02",2018-08-02,0.00211640211640212,975600,-0.336834733893558,4735,0.010559662090813,0,4735,0,1.24736008447728,-0.20436973005114
"2018-08-03",2018-08-03,0.00527983104540655,1025300,-0.333333333333334,4760,0.0157563025210085,0,4760,0,1.49212184873951,-0.155722238069557
"2018-08-06",2018-08-06,0.00315126050420168,1102100,-0.331232492997199,4775,0.018848167539267,0,4775,0,1.19623036649214,-0.126679825833423
"2018-08-07",2018-08-07,0.0104712041884817,892700,-0.324229691876751,4825,0.0290155440414508,0,4825,0,1.53943580886586,-0.0306483080308102
"2018-08-08",2018-08-08,-0.00518134715025907,829000,-0.327731092436975,4800,0.0239583333333333,4685,4825,4164,-1.01079913606911,-0.0785159800168043
"2018-08-09",2018-08-09,-0.0125,1979700,-0.336134453781513,4740,0.0116033755274262,4685,4825,0,-1.02564102564103,-0.194615704717422
"2018-08-10",2018-08-10,0.0274261603375527,2402500,-0.317927170868348,4870,0.026694045174538,4740,4870,4164,2.30054134776927,-0.00838274927798556
"2018-08-13",2018-08-13,0.00718685831622177,1337100,-0.313025210084034,4905,0.0336391437308868,0,4905,0,1.26017407668784,0.0578769665494073
"2018-08-14",2018-08-14,0.0275229357798165,1115800,-0.294117647058824,5040,0.0595238095238095,0,5040,0,1.76948051948052,0.308396548449219
"2018-08-15",2018-08-15,0.00793650793650794,1136900,-0.288515406162465,5080,0.0669291338582677,0,5080,0,1.1244094488189,0.381146886825763
"2018-08-16",2018-08-16,0.0078740157480315,1318800,-0.282913165266107,5120,0.07421875,0,5120,0,1.10891544117647,0.453250077944201
"2018-08-17",2018-08-17,0.009765625,1110700,-0.275910364145659,5170,0.0831721470019342,0,5170,0,1.12063524381553,0.542491899300311
"2018-08-20",2018-08-20,0.00580270793036751,946700,-0.27170868347339,5200,0.0884615384615385,0,5200,0,1.06359570661896,0.595574755076741
"2018-08-21",2018-08-21,-0.00192307692307692,941500,-0.27310924369748,5190,0.0867052023121387,4740,5200,4173,-1.00515463917526,0.577918470036791
"2018-08-22",2018-08-22,0.00963391136801541,1186700,-0.266106442577031,5240,0.00954198473282442,5190,5240,4173,-0.974358974358974,0.18551651414045
"2018-08-23",2018-08-23,-0.00381679389312977,925000,-0.26890756302521,5220,0.00574712643678166,5190,5240,4175,-1.01052631578947,0.148625698907037
"2018-08-24",2018-08-24,-0.00574712643678161,759500,-0.273109243697479,5190,0,5190,5220,4176,-1.015625,0.0929827656767917
"2018-08-27",2018-08-27,0.00192678227360308,803900,-0.27170868347339,5200,0.00192307692307692,5190,5200,4176,-0.994871794871795,0.111571619378972
"2018-08-28",2018-08-28,-0.00961538461538462,1244600,-0.278711484593838,5150,0,0,5200,4178,-1.02577319587629,0.0616498518189834
"2018-08-29",2018-08-29,0.00194174757281553,947600,-0.277310924369748,5160,0.00193798449612403,5150,5160,4178,-0.994974874371859,0.0803220824609916
"2018-08-30",2018-08-30,0.00387596899224806,3307600,-0.274509803921569,5180,0.00579150579150578,0,5180,0,2.98841698841698,0.117540995457236
"2018-08-31",2018-08-31,0.00193050193050193,725200,-0.273109243697479,5190,0.00770712909441229,0,5190,0,1.33076429030186,0.136088161619903
"2018-09-03",2018-09-03,0.00192678227360308,475700,-0.27170868347339,5200,0.00961538461538458,0,5200,0,1.24759615384616,0.154594120329885
"2018-09-04",2018-09-04,-0.0192307692307692,728700,-0.285714285714286,5100,0,0,5200,4183,-1.05154639175258,0.0224837094967252
"2018-09-05",2018-09-05,0,1092500,-0.285714285714286,5100,0,5100,5100,4183,-1,0.0224837094967252
"2018-09-06",2018-09-06,-0.00980392156862745,803700,-0.292717086834734,5050,0,0,5100,4185,-1.02450980392157,-0.0166824328255343
"2018-09-07",2018-09-07,0,573100,-0.292717086834734,5050,0,5050,5050,4185,-1,-0.0166824328255343
"2018-09-10",2018-09-10,0.0198019801980198,770700,-0.278711484593838,5150,0.0194174757281553,0,5150,0,-0.952153110047847,0.17025033965624
"2018-09-11",2018-09-11,0.0058252427184466,788700,-0.274509803921569,5180,0.025096525096525,0,5180,0,1.29247104247104,0.225512522940223
"2018-09-12",2018-09-12,-0.0115830115830116,736800,-0.282913165266107,5120,0.013671875,5050,5180,4189,-1.03061224489796,0.114615939600104
"2018-09-13",2018-09-13,0.005859375,656100,-0.278711484593838,5150,0.0194174757281553,5050,5180,0,1.42024965325936,0.170250339656241
"2018-09-14",2018-09-14,-0.00776699029126214,1720300,-0.284313725490196,5110,0.0117416829745597,5050,5180,0,-1.02010050251256,0.0959872916631576
"2018-09-17",2018-09-17,0,0,-0.284313725490196,5110,0.0117416829745597,5050,5180,0,-1,0.0959872916631576
"2018-09-18",2018-09-18,0.0156555772994129,1418700,-0.273109243697479,5190,0.0154142581888247,5110,5190,4189,1.31278098908157,0.179193557563015
"2018-09-19",2018-09-19,0,1131600,-0.273109243697479,5190,0.0154142581888247,0,5190,0,-1,0.179193557563015
"2018-09-20",2018-09-20,0.00192678227360308,1026000,-0.27170868347339,5200,0.0173076923076924,0,5200,0,1.12283653846154,0.197616621280799
"2018-09-21",2018-09-21,0.0134615384615385,1818100,-0.261904761904762,5270,0.0303605313092979,0,5270,0,1.75416403120388,0.325452771718592
"2018-09-24",2018-09-24,0,0,-0.261904761904762,5270,0.0303605313092979,0,5270,0,-1,0.325452771718592
"2018-09-25",2018-09-25,0.00189753320683112,1048300,-0.260504201680672,5280,0.0321969696969697,0,5280,0,1.06048768939394,0.343557062579432
"2018-09-26",2018-09-26,-0.00378787878787879,845100,-0.263305322128852,5260,0.0285171102661597,5110,5280,4199,-1.01075268817204,0.307309427388565
"2018-09-27",2018-09-27,-0.0133079847908745,759400,-0.273109243697479,5190,0.0154142581888247,5110,5280,0,-1.03723404255319,0.179193557563015
"2018-09-28",2018-09-28,0.0154142581888247,1373600,-0.261904761904762,5270,0.0303605313092979,5110,5280,0,1.9696394686907,0.325452771718592
"2018-10-01",2018-10-01,0.00569259962049336,961100,-0.257703081232493,5300,0.0207547169811321,5190,5300,4199,-0.983957219251337,0.295227856823133
"2018-10-02",2018-10-02,0.0358490566037736,2161000,-0.23109243697479,5490,0.0546448087431693,0,5490,0,2.63288623944361,0.63360394330536
"2018-10-03",2018-10-03,0.0273224043715847,2164600,-0.210084033613446,5640,0.0797872340425532,0,5640,0,1.46010638297872,0.891722072397768
"2018-10-04",2018-10-04,-0.0283687943262411,1367800,-0.23249299719888,5480,0.0529197080291971,5190,5640,4205,-1.10666666666667,0.61612235571696
"2018-10-05",2018-10-05,0.0182481751824818,1269900,-0.218487394957983,5580,0.0698924731182796,5190,5640,0,1.32072673340749,0.789382044645487
"2018-10-08",2018-10-08,0,0,-0.218487394957983,5580,0.0698924731182796,5190,5640,0,-1,0.789382044645487
"2018-10-09",2018-10-09,-0.0017921146953405,1329400,-0.219887955182073,5570,0.0682226211849192,5190,5640,0,-1.00641025641026,0.77220945935022
"2018-10-10",2018-10-10,0.00718132854578097,767900,-0.214285714285715,5610,0.0748663101604278,5190,5640,0,1.09738249366732,0.840700028192658
"2018-10-11",2018-10-11,-0.0231729055258467,1296700,-0.23249299719888,5480,0.0529197080291971,5190,5640,0,-1.08496732026144,0.61612235571696
"2018-10-12",2018-10-12,-0.0127737226277372,1733800,-0.242296918767507,5410,0.0406654343807763,5190,5640,0,-1.0421686746988,0.492752521505845
"2018-10-15",2018-10-15,0.00924214417744917,1355200,-0.235294117647059,5460,0.0494505494505495,5190,5640,0,1.21603396603397,0.58105315461572
"2018-10-16",2018-10-16,0.010989010989011,1596800,-0.226890756302521,5520,0.0597826086956522,5190,5640,0,1.20893719806763,0.685838959133083
"2018-10-17",2018-10-17,0.0108695652173913,1207500,-0.218487394957984,5580,0.0698924731182796,5190,5640,0,1.16911045943304,0.789382044645486
"2018-10-18",2018-10-18,0,1099000,-0.218487394957984,5580,0.0698924731182796,5190,5640,0,-1,0.789382044645486
"2018-10-19",2018-10-19,0,891800,-0.218487394957984,5580,0.0698924731182796,5190,5640,0,-1,0.789382044645486
"2018-10-22",2018-10-22,0.014336917562724,1524500,-0.207282913165266,5660,0.0441696113074205,5410,5660,4205,-0.948717948717949,0.708181832287776
"2018-10-23",2018-10-23,-0.0088339222614841,1363000,-0.214285714285715,5610,0.035650623885918,5410,5660,4218,-1.03378378378378,0.621369631188004
"2018-10-24",2018-10-24,-0.0035650623885918,995600,-0.217086834733894,5590,0.0322003577817531,5410,5660,0,-1.01307189542484,0.586406094281946
"2018-10-25",2018-10-25,-0.0286225402504472,1165900,-0.239495798319328,5430,0.00368324125230202,5410,5660,0,-1.10322580645161,0.301580341359987
"2018-10-26",2018-10-26,-0.0313075506445672,1682400,-0.263305322128852,5260,0,5260,5610,4221,-1.09941520467836,0.147815364927955
"2018-10-29",2018-10-29,0.00190114068441065,1053900,-0.261904761904762,5270,0.00189753320683117,5260,5270,4221,-0.994680851063829,0.166261354537794
"2018-10-30",2018-10-30,-0.00189753320683112,1009900,-0.263305322128852,5260,0,0,5270,4223,-1.00534759358289,0.147815364927955
"2018-10-31",2018-10-31,-0.00380228136882129,1212600,-0.266106442577031,5240,0,5240,5260,4224,-1.01063829787234,0.132148907999052
"2018-11-01",2018-11-01,0.0133587786259542,1082700,-0.256302521008404,5310,0.0131826741996234,5240,5310,4224,-0.963157894736843,0.260711216977768
"2018-11-02",2018-11-02,-0.00376647834274953,1277400,-0.259103641456583,5290,0.00945179584120981,5240,5310,4226,-1.01092896174863,0.224178236744928
"2018-11-05",2018-11-05,-0.00378071833648393,913400,-0.261904761904762,5270,0.0056925996204934,5240,5310,0,-1.01081081081081,0.187486876828566
"2018-11-06",2018-11-06,0.0208728652751423,890300,-0.246498599439776,5380,0.0204460966542751,5270,5380,4226,3.59169764560097,0.356167594159009
"2018-11-07",2018-11-07,0.00557620817843866,1198500,-0.242296918767507,5410,0.0258780036968577,0,5410,0,1.2656696353554,0.410047528919986
"2018-11-08",2018-11-08,0.0166358595194085,1083700,-0.229691876750701,5500,0.0418181818181819,0,5500,0,1.61597402597403,0.569698807789764
"2018-11-09",2018-11-09,-0.0109090909090909,849600,-0.238095238095238,5440,0.03125,5270,5500,4231,-1.03658536585366,0.463592387401174
"2018-11-12",2018-11-12,-0.0183823529411765,778300,-0.252100840336135,5340,0.0131086142322098,5270,5500,0,-1.05882352941176,0.283796690518722
"2018-11-13",2018-11-13,-0.052434456928839,1586500,-0.291316526610645,5060,0,5060,5440,4233,-1.15555555555556,-0.00884920436108304
"2018-11-14",2018-11-14,-0.0138339920948617,1449700,-0.301120448179272,4990,0,4990,5060,4234,-1.03365384615385,-0.0636818036122463
"2018-11-15",2018-11-15,0.0340681362725451,1369800,-0.277310924369748,5160,0.0329457364341085,4990,5160,4234,-0.92093023255814,0.25374611730188
"2018-11-16",2018-11-16,-0.0193798449612403,1352000,-0.291316526610645,5060,0.0138339920948617,4990,5160,4236,-1.05050505050505,0.0685232775862105
"2018-11-19",2018-11-19,-0.0128458498023715,602700,-0.300420168067227,4995,0.00100100100100098,4990,5160,0,-1.03125,-0.0541666657327552
"2018-11-20",2018-11-20,0.003003003003003,791600,-0.298319327731093,5010,0.00399201596806387,4990,5160,0,3.98802395209589,-0.0256883002816725
"2018-11-21",2018-11-21,-0.0349301397205589,1677700,-0.322829131652661,4835,0,4835,5060,4239,-1.08215962441315,-0.185096844811252
"2018-11-22",2018-11-22,0.0165460186142709,843700,-0.311624649859944,4915,0.0162767039674466,4835,4915,4239,-0.96529284164859,-0.0313966305464008
"2018-11-23",2018-11-23,0,0,-0.311624649859944,4915,0.0162767039674466,0,4915,0,-1,-0.0313966305464008
"2018-11-26",2018-11-26,0.00610376398779247,1152100,-0.307422969187675,4945,0.0222446916076845,0,4945,0,1.36665824064711,0.0254815628574876
"2018-11-27",2018-11-27,0.0151668351870576,1031600,-0.296918767507003,5020,0.0368525896414342,0,5020,0,1.65669141615357,0.165931656257095
"2018-11-28",2018-11-28,0.00199203187250996,1091200,-0.295518207282914,5030,0.0387673956262425,0,5030,0,1.05195851915534,0.184474251220837
"2018-11-29",2018-11-29,0.00795228628230616,850500,-0.289915966386555,5070,0.0463510848126233,0,5070,0,1.19562029029485,0.258222170858869
"2018-11-30",2018-11-30,-0.0019723865877712,2632000,-0.291316526610645,5060,0.0444664031620553,4835,5070,4246,-1.0048309178744,0.239848059040932
"2018-12-03",2018-12-03,0.00988142292490119,859600,-0.284313725490197,5110,0.00978473581213313,5060,5110,4246,-0.975961538461539,0.0850422327128266
"2018-12-04",2018-12-04,-0.0156555772994129,1115100,-0.295518207282914,5030,0,0,5110,4248,-1.03940886699507,-0.0323488897544394
"2018-12-05",2018-12-05,-0.00198807157057654,858800,-0.296918767507003,5020,0,5020,5030,4249,-1.00473933649289,-0.0401821182188919
"2018-12-06",2018-12-06,-0.0149402390438247,1046400,-0.307422969187676,4945,0,4945,5020,4250,-1.03537735849057,-0.0989313317022811
"2018-12-07",2018-12-07,0.0353892821031345,1222900,-0.282913165266107,5120,0.0341796875,4945,5120,4250,-0.920273348519362,0.229314599361813
"2018-12-10",2018-12-10,-0.0234375,1182400,-0.299719887955182,5000,0.011,4945,5120,4252,-1.05940594059406,0.00567360121201044
"2018-12-11",2018-12-11,0.002,1241900,-0.298319327731093,5010,0.0129740518962076,4945,5120,0,1.1794592632916,0.0245475541220888
"2018-12-12",2018-12-12,0.0439121756487026,1708400,-0.267507002801121,5230,0.0439770554493308,5000,5230,4252,3.38961612001765,0.370276057819933
"2018-12-13",2018-12-13,0.0191204588910134,1150900,-0.253501400560224,5330,0.0619136960600375,0,5330,0,1.40786361040868,0.548926630369393
"2018-12-14",2018-12-14,-0.0112570356472795,1898200,-0.261904761904762,5270,0.0512333965844403,5000,5330,4256,-1.03314917127072,0.442193144317843
"2018-12-17",2018-12-17,-0.00569259962049336,995300,-0.266106442577031,5240,0.0458015267175572,5000,5330,0,-1.01604278074866,0.38831341747777
"2018-12-18",2018-12-18,-0.0419847328244275,1356900,-0.296918767507003,5020,0.00398406374501992,5000,5330,0,-1.11578947368421,-0.0178995480052704
"2018-12-19",2018-12-19,0.0099601593625498,1108400,-0.289915966386555,5070,0.0138067061143984,5000,5330,0,3.465483234714,0.0762038976050066
"2018-12-20",2018-12-20,-0.0305719921104536,1695700,-0.311624649859944,4915,0,4915,5270,4260,-1.07487922705314,-0.122431017095636
"2018-12-21",2018-12-21,-0.0101729399796541,1787700,-0.318627450980392,4865,0,4865,4915,4261,-1.02247191011236,-0.161597159417896
"2018-12-24",2018-12-24,0,0,-0.318627450980392,4865,0,4865,4865,4261,-1,-0.161597159417896
"2018-12-25",2018-12-25,-0.0616649537512847,1314800,-0.360644257703082,4565,0,0,4865,4263,-1.13186813186813,-0.396594013351454
"2018-12-26",2018-12-26,0.0284775465498357,1359200,-0.342436974789916,4695,0.0276890308839191,4565,4695,4263,-0.949514563106796,-0.139899366834254
"2018-12-27",2018-12-27,0.0383386581469649,1499400,-0.317226890756303,4875,0.0635897435897436,0,4875,0,2.29656804733728,0.201888743574102
"2018-12-28",2018-12-28,0.00615384615384615,1188000,-0.313025210084034,4905,0.0693170234454639,0,4905,0,1.09006609450528,0.257420676362512
"2018-12-31",2018-12-31,0,0,-0.313025210084034,4905,0.0693170234454639,0,4905,0,-1,0.257420676362512
"2019-01-04",2019-01-04,-0.0672782874617737,1800200,-0.359243697478992,4575,0.00218579234972682,4565,4905,4268,-1.14765100671141,-0.376535811939201
"2019-01-07",2019-01-07,0.0688524590163934,1548500,-0.315126050420168,4890,0.0664621676891616,4565,4905,0,30.4064417177908,0.229703839182103
"2019-01-08",2019-01-08,0.00102249488752556,1028700,-0.314425770308124,4895,0.0674157303370787,4565,4905,0,1.01434745030251,0.238953657904809
"2019-01-09",2019-01-09,-0.00204290091930541,934600,-0.315826330532213,4885,0.0655066530194472,4565,4905,0,-1.00445434298441,0.220443102947646
"2019-01-10",2019-01-10,-0.0174002047082907,792300,-0.327731092436975,4800,0.0489583333333333,4565,4905,0,-1.03769401330377,0.0613071480736646
"2019-01-11",2019-01-11,0.0197916666666667,1375500,-0.314425770308124,4895,0.0674157303370787,4565,4905,0,1.37700215156586,0.238953657904809
"2019-01-15",2019-01-15,0.0214504596527068,1256300,-0.299719887955182,5000,0.085,4575,5000,4268,1.26083333333333,0.419550060359792
"2019-01-16",2019-01-16,0.01,855300,-0.292717086834734,5050,0.094059405940594,0,5050,0,1.10658124635993,0.50938478177226
"2019-01-17",2019-01-17,0.0158415841584158,966700,-0.281512605042017,5130,0.108187134502924,0,5130,0,1.1502000615574,0.651065937503797
"2019-01-18",2019-01-18,0.0311890838206628,1309900,-0.259103641456583,5290,0.135160680529301,0,5290,0,1.24932304705462,0.927258616179033
"2019-01-21",2019-01-21,-0.00756143667296786,738700,-0.264705882352942,5250,0.128571428571429,4575,5290,4278,-1.02162162162162,0.85907250950019
"2019-01-22",2019-01-22,-0.020952380952381,901400,-0.280112044817928,5140,0.109922178988327,4575,5290,0,-1.05820105820106,0.668603139861255
"2019-01-23",2019-01-23,0.0175097276264591,1035300,-0.267507002801121,5230,0.125239005736138,4575,5290,0,1.13934245926327,0.824768061173267
"2019-01-24",2019-01-24,-0.00382409177820268,603600,-0.2703081232493,5210,0.121880998080614,4575,5290,0,-1.01047120418848,0.790320518862482
"2019-01-25",2019-01-25,-0.00191938579654511,802900,-0.27170868347339,5200,0.120192307692308,4575,5290,0,-1.00518134715026,0.773042571499257
"2019-01-28",2019-01-28,-0.0173076923076923,673600,-0.284313725490197,5110,0.104696673189824,4575,5290,0,-1.04639175257732,0.615877591803836
"2019-01-29",2019-01-29,0.00195694716242661,819100,-0.282913165266107,5120,0.1064453125,4575,5290,0,1.0167019567757,0.633490828998319
"2019-01-30",2019-01-30,0.001953125,878300,-0.281512605042017,5130,0.108187134502924,4575,5290,0,1.01636353881646,0.651065937503795
"2019-01-31",2019-01-31,0.00584795321637427,740600,-0.277310924369748,5160,0.113372093023256,4575,5290,0,1.04792583280955,0.703564707670436
"2019-02-01",2019-02-01,0.0213178294573643,985200,-0.261904761904762,5270,0.131878557874763,4575,5290,0,1.16323651048509,0.893235492996767
"2019-02-04",2019-02-04,-0.00189753320683112,532700,-0.263305322128852,5260,0.130228136882129,4575,5290,0,-1.00534759358289,0.876171583498067
"2019-02-05",2019-02-05,0.00570342205323194,543100,-0.259103641456583,5290,0.0340264650283554,5110,5290,4278,-0.984042553191489,0.361622521446331
"2019-02-06",2019-02-06,-0.0056710775047259,778600,-0.263305322128852,5260,0.0285171102661597,5110,5290,4290,-1.01621621621622,0.307309427388562
"2019-02-07",2019-02-07,-0.0437262357414449,1061400,-0.295518207282914,5030,0,5030,5260,4291,-1.12234042553191,-0.03234888975444
"2019-02-08",2019-02-08,-0.0218687872763419,1904400,-0.3109243697479,4920,0,4920,5030,4292,-1.0521327014218,-0.118514402863411
"2019-02-12",2019-02-12,0.00711382113821138,1255800,-0.306022408963586,4955,0.00706357214934406,4920,4955,4292,-0.984234234234235,-0.0515920731012703
"2019-02-13",2019-02-13,0.0232088799192735,948400,-0.289915966386555,5070,0.0295857988165681,0,5070,0,4.18850380388845,0.164455181606879
"2019-02-14",2019-02-14,0.00986193293885602,555700,-0.282913165266107,5120,0.0390625,0,5120,0,1.3203125,0.256623804066982
"2019-02-15",2019-02-15,-0.0771484375,2793800,-0.338235294117647,4725,0,0,5120,4296,-1.19554455445544,-0.271262357920223
"2019-02-18",2019-02-18,0.0275132275132275,1064700,-0.320028011204482,4855,0.0267765190525232,4725,4855,4296,-0.946169772256729,-0.0196713217504377
"2019-02-19",2019-02-19,0.0133882595262616,980200,-0.3109243697479,4920,0.0396341463414634,0,4920,0,1.48018292682927,0.103156409962939
"2019-02-20",2019-02-20,-0.00304878048780488,754100,-0.313025210084034,4905,0.036697247706422,4725,4920,4299,-1.00675675675676,0.0749807131048162
"2019-02-21",2019-02-21,0.0132517838939857,908200,-0.303921568627452,4970,0.0130784708249497,4905,4970,4299,-0.970917225950783,-0.00620135248577679
"2019-02-22",2019-02-22,-0.0130784708249497,610100,-0.313025210084034,4905,0,0,4970,4301,-1.02995391705069,-0.130264245560089
"2019-02-25",2019-02-25,-0.018348623853211,918200,-0.325630252100841,4815,0,4815,4905,4302,-1.04026845637584,-0.200763301740156
"2019-02-26",2019-02-26,-0.0083073727933541,868100,-0.331232492997199,4775,0,4775,4815,4303,-1.01720430107527,-0.232096215597965
"2019-02-27",2019-02-27,-0.0115183246073298,1200900,-0.338935574229692,4720,0,4720,4775,4304,-1.02325581395349,-0.27517897215245
"2019-02-28",2019-02-28,-0.0148305084745763,1057000,-0.34873949579832,4650,0,4650,4720,4305,-1.02892561983471,-0.330011571403613
"2019-03-01",2019-03-01,-0.00967741935483871,1253900,-0.355042016806723,4605,0,4605,4650,4306,-1.01807228915663,-0.365261099493647
"2019-03-04",2019-03-04,-0.00217155266015201,3248900,-0.356442577030813,4595,0,4595,4605,4307,-1.00394477317554,-0.373094327958099
"2019-03-05",2019-03-05,0.0043525571273123,1907000,-0.353641456582634,4615,0.00433369447453957,4595,4615,4307,-0.992141453831041,-0.333189842324455
"2019-03-06",2019-03-06,-0.00108342361863489,1350600,-0.354341736694678,4610,0.00325379609544474,4595,4615,4309,-1.0019801980198,-0.343146247332076
"2019-03-07",2019-03-07,-0.00650759219088937,1171000,-0.358543417366947,4580,0,4580,4610,4310,-1.01185770750988,-0.384844170654777
"2019-03-08",2019-03-08,-0.0185589519650655,2087500,-0.370448179271709,4495,0,4495,4580,4311,-1.033203125,-0.451426612602619
"2019-03-11",2019-03-11,0,760800,-0.370448179271709,4495,0,4495,4495,4311,-1,-0.451426612602619
"2019-03-12",2019-03-12,0.0222469410456062,522900,-0.356442577030813,4595,0.0217627856365615,0,4595,0,-0.962192816635161,-0.251376697411446
"2019-03-13",2019-03-13,0.0043525571273123,593900,-0.353641456582634,4615,0.0260021668472372,0,4615,0,1.19479956663055,-0.211999698800757
"2019-03-14",2019-03-14,0.00975081256771398,622800,-0.34733893557423,4660,0.0354077253218884,0,4660,0,1.36172210300429,-0.124145586416183
"2019-03-15",2019-03-15,0.0118025751072961,1053600,-0.339635854341737,4715,0.046659597030753,0,4715,0,1.31778013432308,-0.0181319538934551
"2019-03-18",2019-03-18,-0.0180275715800636,497700,-0.351540616246499,4630,0.0291576673866091,4495,4715,4317,-1.03505154639175,-0.182601377859835
"2019-03-19",2019-03-19,0.00539956803455724,291100,-0.348039215686275,4655,0.0343716433941997,4495,4715,0,1.17882006603811,-0.133856929291906
"2019-03-20",2019-03-20,0.0161117078410312,766900,-0.337535014005603,4730,0.0211416490486258,4630,4730,4317,-0.969818913480885,-0.14910208356921
"2019-03-22",2019-03-22,0,953500,-0.337535014005603,4730,0.0211416490486258,0,4730,0,-1,-0.14910208356921
"2019-03-25",2019-03-25,-0.0338266384778013,540400,-0.359943977591037,4570,0,0,4730,4321,-1.06639004149378,-0.392677399119229
"2019-03-26",2019-03-26,0.0284463894967177,499900,-0.341736694677872,4700,0.0276595744680851,4570,4700,4321,-0.949416342412452,-0.1361475001302
"2019-03-27",2019-03-27,0.0106382978723404,593400,-0.334733893557424,4750,0.0378947368421053,0,4750,0,1.37004048582996,-0.039736861021966
"2019-03-28",2019-03-28,-0.0147368421052632,583900,-0.344537815126051,4680,0.0235042735042735,4570,4750,4324,-1.02928870292887,-0.175054244215802
"2019-03-29",2019-03-29,-0.00106837606837607,821600,-0.345238095238096,4675,0.0224598930481283,4570,4750,0,-1.0020325203252,-0.184812000139818
"2019-04-01",2019-04-01,0.00641711229946524,667100,-0.341036414565827,4705,0.028692879914984,4570,4750,0,1.27751632002429,-0.12645168590364
"2019-04-02",2019-04-02,0.00318809776833156,301600,-0.338935574229693,4720,0.0317796610169492,4570,4750,0,1.10758003766479,-0.0974377076306706
"2019-04-03",2019-04-03,-0.00211864406779661,417500,-0.340336134453782,4710,0.029723991507431,4570,4750,0,-1.00413223140496,-0.116768141740763
"2019-04-04",2019-04-04,-0.0106157112526539,309400,-0.34733893557423,4660,0.01931330472103,4570,4750,0,-1.02057613168724,-0.21416047574481
"2019-04-05",2019-04-05,0.00858369098712446,551100,-0.341736694677872,4700,0.0276595744680851,4570,4750,0,1.43215130023641,-0.1361475001302
"2019-04-08",2019-04-08,-0.00638297872340425,320300,-0.345938375350141,4670,0.0214132762312634,4570,4750,0,-1.01229508196721,-0.19458226386189
"2019-04-09",2019-04-09,-0.00107066381156317,300300,-0.346638655462186,4665,0.0203644158628081,4570,4750,0,-1.00202429149798,-0.204365075600018
"2019-04-10",2019-04-10,-0.00643086816720257,296200,-0.350840336134454,4635,0.0140237324703344,4570,4750,0,-1.01212121212121,-0.263327728440052
"2019-04-11",2019-04-11,0.00215749730312837,311200,-0.349439775910365,4645,0.0161463939720129,4570,4750,0,1.15136209323507,-0.243622613133923
"2019-04-12",2019-04-12,0.00215285252960172,973400,-0.348039215686275,4655,0.0182599355531686,4570,4750,0,1.13089867525958,-0.223968504860413
"2019-04-15",2019-04-15,0.00107411385606874,795100,-0.34733893557423,4660,0.01931330472103,4570,4750,0,1.05768745266347,-0.21416047574481
"2019-04-16",2019-04-16,-0.0107296137339056,787400,-0.354341736694678,4610,0.00867678958785245,4570,4750,0,-1.02016129032258,-0.312815850783168
"2019-04-17",2019-04-17,-0.00650759219088937,881600,-0.358543417366947,4580,0.00218340611353707,4570,4750,0,-1.01185770750988,-0.372632543747313
"2019-04-18",2019-04-18,-0.00873362445414847,721000,-0.364145658263306,4540,0,4540,4720,4339,-1.015625,-0.416177084512585
"2019-04-19",2019-04-19,0.0110132158590308,675900,-0.357142857142858,4590,0.0108932461873639,4540,4590,4339,-0.980769230769231,-0.316085831911254
"2019-04-22",2019-04-22,-0.014161220043573,646100,-0.36624649859944,4525,0,0,4590,4341,-1.02549019607843,-0.427926927209263
"2019-04-23",2019-04-23,0.00773480662983425,708100,-0.361344537815127,4560,0.00767543859649122,4525,4560,4341,-0.986615678776291,-0.357582474222573
"2019-04-24",2019-04-24,-0.00328947368421053,596100,-0.363445378151261,4545,0.00440044004400442,4525,4560,4343,-1.00581395348837,-0.387649138603269
"2019-04-25",2019-04-25,0.0077007700770077,711100,-0.358543417366947,4580,0.00764192139737996,4545,4580,4343,1.73662663755459,-0.342103476478652
"2019-04-26",2019-04-26,-0.00982532751091703,740600,-0.364845938375351,4535,0,0,4580,4345,-1.017578125,-0.420093698744811
"2019-05-07",2019-05-07,-0.00330760749724366,941900,-0.366946778711485,4520,0,4520,4535,4346,-1.00575815738964,-0.431843541441489
"2019-05-08",2019-05-08,-0.00774336283185841,846100,-0.371848739495799,4485,0,4485,4520,4347,-1.01335877862595,-0.45925984106707
"2019-05-09",2019-05-09,-0.00557413600891862,949800,-0.375350140056023,4460,0,4460,4485,4348,-1.00941619585687,-0.4788429122282
"2019-05-10",2019-05-10,-0.00112107623318386,1059700,-0.376050420168068,4455,0,4455,4460,4349,-1.00186567164179,-0.482759526460426
"2019-05-13",2019-05-13,-0.00561167227833894,649200,-0.379551820728292,4430,0,4430,4455,4350,-1.00931098696462,-0.502342597621556
"2019-05-14",2019-05-14,-0.0146726862302483,955500,-0.388655462184874,4365,0,4365,4430,4351,-1.0239852398524,-0.553258582640493
"2019-05-15",2019-05-15,-0.0011454753722795,928600,-0.389355742296919,4360,0,4360,4365,4352,-1.0018018018018,-0.557175196872719
"2019-05-16",2019-05-16,-0.0848623853211009,2281000,-0.441176470588236,3990,0,3990,4360,4353,-1.13309352517986,-0.84700465005744
"2019-05-17",2019-05-17,0.0100250626566416,1381800,-0.435574229691877,4030,0.00992555831265507,3990,4030,4353,-0.987301587301587,-0.760158831746842
"2019-05-20",2019-05-20,-0.0136476426799007,1087900,-0.44327731092437,3975,0,0,4030,4355,-1.01768488745981,-0.858754492754118
"2019-05-21",2019-05-21,-0.0276729559748428,1395400,-0.458683473389356,3865,0,3865,3975,4356,-1.0347551342812,-0.94492000586309
"2019-05-22",2019-05-22,-0.019404915912031,1097600,-0.469187675070028,3790,0,3790,3865,4357,-1.02290076335878,-1.00366921934648
"2019-05-23",2019-05-23,-0.0145118733509235,971800,-0.476890756302522,3735,0,3735,3790,4358,-1.01641791044776,-1.04675197590096
"2019-05-24",2019-05-24,-0.0174029451137885,1716700,-0.485994397759104,3670,0,3670,3735,4359,-1.01908957415565,-1.0976679609199
"2019-05-27",2019-05-27,-0.00817438692098093,818900,-0.490196078431373,3640,0,3640,3670,4360,-1.00864553314121,-1.12116764631326
"2019-05-28",2019-05-28,0.010989010989011,1000800,-0.484593837535015,3680,0.0108695652173914,3640,3680,4360,-0.988571428571429,-1.02904206806829
"2019-05-29",2019-05-29,-0.0108695652173913,1277000,-0.490196078431373,3640,0,0,3680,4362,-1.01156069364162,-1.12116764631326
"2019-05-30",2019-05-30,-0.00961538461538462,1293100,-0.495098039215687,3605,0,3605,3640,4363,-1.01,-1.14858394593884
"2019-05-31",2019-05-31,-0.0152565880721221,1167700,-0.50280112044818,3550,0,3550,3605,4364,-1.01555869872702,-1.19166670249333
"2019-06-03",2019-06-03,0.00422535211267606,821300,-0.500700280112045,3565,0.00420757363253854,3550,3565,4364,-0.995821727019499,-1.15638421551775
"2019-06-04",2019-06-04,0.00561009817671809,898200,-0.497899159663866,3585,0.00976290097629007,0,3585,0,2.32031613203162,-1.10964722871805
"2019-06-05",2019-06-05,0.0418410041841004,1346800,-0.476890756302521,3735,0.0495314591700133,0,3735,0,5.0734366035571,-0.769726233499504
"2019-06-06",2019-06-06,-0.0200803212851406,1027200,-0.487394957983194,3660,0.0300546448087432,3550,3735,4368,-1.02202643171806,-0.937407811352099
"2019-06-07",2019-06-07,0.0218579234972678,868400,-0.476190476190477,3740,0.0213903743315508,3660,3740,4368,-0.977011494252873,-0.9232005996662
"2019-06-10",2019-06-10,-0.0106951871657754,1250800,-0.481792717086835,3700,0.0108108108108108,3660,3740,4370,-1.01176470588235,-1.01370422013607
"2019-06-11",2019-06-11,0.00540540540540541,856300,-0.478991596638656,3720,0.0161290322580645,3660,3740,0,1.49193548387097,-0.968293348861858
"2019-06-12",2019-06-12,0.00268817204301075,1325400,-0.477591036414566,3730,0.0187667560321716,3660,3740,0,1.16353887399464,-0.945707528832036
"2019-06-13",2019-06-13,0.00536193029490617,1356100,-0.474789915966387,3750,0.0133333333333333,3700,3750,4370,-0.994134897360704,-0.960429798222705
"2019-06-14",2019-06-14,-0.0146666666666667,2399800,-0.48249299719888,3695,0,0,3750,4374,-1.01622418879056,-1.07808488975877
"2019-06-17",2019-06-17,0.0216508795669824,1119100,-0.471288515406163,3775,0.0211920529801325,3695,3775,4374,-0.97677793904209,-0.896893496509516
"2019-06-18",2019-06-18,-0.00132450331125828,1248600,-0.471988795518208,3770,0.019893899204244,3695,3775,4376,-1.00148588410104,-0.90807058760923
"2019-06-19",2019-06-19,0.0225464190981432,1687300,-0.460084033613446,3855,0.0220492866407264,3770,3855,4376,1.10834414180718,-0.829433225116754
"2019-06-20",2019-06-20,0.0012970168612192,1007900,-0.459383753501401,3860,0.0233160621761658,0,3860,0,1.05745199634258,-0.818431630166383
"2019-06-21",2019-06-21,-0.00906735751295337,2351700,-0.464285714285715,3825,0.0143790849673202,3770,3860,4379,-1.01067073170732,-0.895831774152526
"2019-06-24",2019-06-24,0.0065359477124183,597600,-0.460784313725491,3850,0.0207792207792208,3770,3860,0,1.44510035419127,-0.840453222614445
"2019-06-25",2019-06-25,-0.0168831168831169,904000,-0.469887955182073,3785,0.00396301188903569,3770,3860,0,-1.01975683890578,-0.985421004819319
"2019-06-26",2019-06-26,-0.0132100396301189,667600,-0.476890756302522,3735,0,3735,3850,4382,-1.01490312965723,-1.04675197590097
"2019-06-27",2019-06-27,0.0120481927710843,664900,-0.470588235294118,3780,0.0119047619047619,3735,3780,4382,-0.986784140969163,-0.944920005863091
"2019-06-28",2019-06-28,-0.00529100529100529,1562300,-0.473389355742298,3760,0.00664893617021278,3735,3780,4384,-1.00595238095238,-0.989981902588116
"2019-07-01",2019-07-01,0.0132978723404255,973600,-0.466386554621849,3810,0.0131233595800525,3760,3810,4384,1.97375328083989,-0.914604794916019
"2019-07-02",2019-07-02,0.010498687664042,1285600,-0.460784313725491,3850,0.0233766233766234,0,3850,0,1.7812987012987,-0.825926144371279
"2019-07-03",2019-07-03,0.0025974025974026,1133800,-0.459383753501401,3860,0.0259067357512953,0,3860,0,1.10823258491652,-0.803942186840947
"2019-07-04",2019-07-04,0.00518134715025907,521700,-0.456582633053222,3880,0.0309278350515464,0,3880,0,1.19381443298969,-0.760193097487485
"2019-07-05",2019-07-05,0.00257731958762887,875400,-0.455182072829132,3890,0.0334190231362468,0,3890,0,1.08054841473865,-0.738426840596453
"2019-07-08",2019-07-08,-0.0102827763496144,971000,-0.460784313725491,3850,0.0233766233766234,3760,3890,4390,-1.01230769230769,-0.82592614437128
"2019-07-09",2019-07-09,0.0103896103896104,881300,-0.455182072829132,3890,0.0102827763496144,3850,3890,4390,-0.987841945288754,-0.867826136515651
"2019-07-10",2019-07-10,-0.0038560411311054,920400,-0.457282913165267,3875,0.00645161290322582,3850,3890,4392,-1.00461538461538,-0.901003389504325
"2019-07-11",2019-07-11,0.00258064516129032,643900,-0.455882352941177,3885,0.00900900900900903,3850,3890,0,1.3963963963964,-0.878866836108793
"2019-07-12",2019-07-12,-0.0244530244530245,1289300,-0.469187675070029,3790,0,3790,3885,4394,-1.02918586789555,-1.00366921934648
"2019-07-16",2019-07-16,-0.00923482849604222,925300,-0.474089635854342,3755,0,3755,3790,4395,-1.01044776119403,-1.03108551897206
"2019-07-17",2019-07-17,-0.0226364846870839,1219100,-0.485994397759104,3670,0,3670,3755,4396,-1.02511078286558,-1.0976679609199
"2019-07-18",2019-07-18,-0.0381471389645777,1683600,-0.505602240896359,3530,0,3530,3670,4397,-1.04034582132565,-1.20733315942223
"2019-07-19",2019-07-19,0.0297450424929178,1196700,-0.490896358543418,3635,0.0288858321870702,3530,3635,4397,-0.970914127423823,-0.963527963989787
"2019-07-22",2019-07-22,0.015130674002751,1077400,-0.483193277310925,3690,0.0433604336043361,0,3690,0,1.50109691573106,-0.839489845514308
"2019-07-23",2019-07-23,0.013550135501355,644100,-0.476190476190477,3740,0.0561497326203209,0,3740,0,1.29495320855615,-0.728794111412076
"2019-07-24",2019-07-24,0,827100,-0.476190476190477,3740,0.0561497326203209,0,3740,0,-1,-0.728794111412076
"2019-07-25",2019-07-25,-0.0240641711229947,1392400,-0.488795518207284,3650,0.0328767123287671,3530,3740,4402,-1.02647058823529,-0.929457427483262
"2019-07-26",2019-07-26,0.00136986301369863,821700,-0.488095238095239,3655,0.0341997264021888,3530,3740,0,1.04024167806658,-0.918141294600894
"2019-07-29",2019-07-29,-0.012311901504788,1438900,-0.494397759103642,3610,0.0221606648199446,3530,3740,0,-1.012912482066,-1.02072439267905
"2019-07-30",2019-07-30,-0.00415512465373961,3300700,-0.496498599439776,3595,0.0180806675938804,3530,3740,0,-1.0042492917847,-1.05529335436568
"2019-07-31",2019-07-31,0.00695410292072323,1004600,-0.492997198879553,3620,0.0248618784530387,3530,3740,0,1.37505312367191,-0.997783478621809
"2019-08-01",2019-08-01,-0.00414364640883978,650900,-0.495098039215687,3605,0.0208044382801664,3530,3740,0,-1.00426136363636,-1.03222628039892
"2019-08-02",2019-08-02,-0.0360610263522885,1228300,-0.513305322128852,3475,0,3475,3655,4408,-1.03677510608204,-1.25041591597672
"2019-08-05",2019-08-05,-0.0158273381294964,1209200,-0.521008403361345,3420,0,3420,3475,4409,-1.0150068212824,-1.2934986725312
"2019-08-06",2019-08-06,0.00730994152046784,999700,-0.517507002801121,3445,0.00725689404934693,3420,3445,4409,-0.993279569892473,-1.23332833632204
"2019-08-07",2019-08-07,-0.00290275761973875,1167800,-0.518907563025211,3435,0.00436681222707425,3420,3445,4411,-1.00270635994587,-1.25732557601959
"2019-08-08",2019-08-08,0.0174672489082969,1935900,-0.510504201680673,3495,0.0171673819742489,3435,3495,4411,3.931330472103,-1.13873357709728
"2019-08-09",2019-08-09,0.0228898426323319,1520300,-0.499299719887956,3575,0.0391608391608391,0,3575,0,2.28111888111888,-0.953059990127549
"2019-08-13",2019-08-13,0.034965034965035,1932600,-0.481792717086835,3700,0.0716216216216217,0,3700,0,1.82890926640927,-0.673593908564669
"2019-08-14",2019-08-14,0.00675675675675676,996300,-0.478291316526611,3725,0.0778523489932886,0,3725,0,1.08699506141573,-0.619162845748124
"2019-08-15",2019-08-15,-0.00805369127516779,1091400,-0.48249299719888,3695,0.0703653585926928,3435,3725,4416,-1.00878477306003,-0.684536707853264
"2019-08-16",2019-08-16,-0.0040595399188092,711500,-0.484593837535015,3680,0.0665760869565217,3435,3725,0,-1.00435413642961,-0.717479663084099
"2019-08-19",2019-08-19,0.00951086956521739,615500,-0.479691876750701,3715,0.0753701211305519,3435,3725,0,1.13208998269564,-0.640878988788623
"2019-08-20",2019-08-20,0.00269179004037685,778400,-0.478291316526611,3725,0.0120805369127517,3680,3725,4416,-0.997080291970803,-0.987019665959286
"2019-08-21",2019-08-21,-0.00402684563758389,614500,-0.480392156862746,3710,0.00808625336927227,3680,3725,4420,-1.00439238653001,-1.02110923743715
"2019-08-22",2019-08-22,-0.00539083557951483,683800,-0.483193277310925,3690,0.00271002710027102,3680,3725,0,-1.00583090379009,-1.06684452533621
"2019-08-23",2019-08-23,-0.0013550135501355,577800,-0.48389355742297,3685,0.00135685210312075,3680,3725,0,-1.00144927536232,-1.07832934600665
"2019-08-26",2019-08-26,-0.0298507462686567,938400,-0.499299719887956,3575,0,3575,3710,4423,-1.03183791606368,-1.1720836313322
"2019-08-27",2019-08-27,-0.00559440559440559,916500,-0.502100840336135,3555,0,3555,3575,4424,-1.00561009817672,-1.1877500882611
"2019-08-28",2019-08-28,0.0112517580872011,1056300,-0.496498599439776,3595,0.0111265646731572,3555,3595,4424,-0.98884239888424,-1.09418713130322
"2019-08-29",2019-08-29,-0.00834492350486787,615200,-0.500700280112045,3565,0.0028050490883591,3555,3595,4426,-1.00846262341326,-1.16422843027738
"2019-08-30",2019-08-30,0.0182328190743338,777600,-0.491596638655463,3630,0.0179063360881543,3565,3630,4426,6.38360881542688,-1.02885207779831
"2019-09-02",2019-09-02,-0.00275482093663912,535600,-0.492997198879553,3620,0.0151933701657458,3565,3630,4428,-1.002849002849,-1.05185872152972
"2019-09-03",2019-09-03,0.0179558011049724,783500,-0.48389355742297,3685,0.0176390773405699,3620,3685,4428,1.1609719995066,-0.987264079407699
"2019-09-04",2019-09-04,-0.00814111261872456,523700,-0.488095238095239,3655,0.00957592339261282,3620,3685,4430,-1.00868306801737,-1.05586038109219
"2019-09-05",2019-09-05,-0.0027359781121751,1147400,-0.489495798319328,3645,0.00685871056241427,3620,3685,0,-1.00286944045911,-1.07889077746088
"2019-09-06",2019-09-06,0.00137174211248285,1048300,-0.488795518207284,3650,0.00821917808219175,3620,3685,0,1.19835616438356,-1.06736517025742
"2019-09-09",2019-09-09,0.0232876712328767,754900,-0.476890756302522,3735,0.0240963855421686,3645,3735,4430,2.93172690763053,-0.911982695813769
"2019-09-10",2019-09-10,0.00133868808567604,861700,-0.476190476190477,3740,0.0254010695187166,0,3740,0,1.05414438502674,-0.900769081790726
"2019-09-11",2019-09-11,0.0347593582887701,1158800,-0.457983193277312,3870,0.0581395348837209,0,3870,0,2.28886168910649,-0.615833326304198
"2019-09-12",2019-09-12,0.00129198966408269,1136600,-0.457282913165267,3875,0.0593548387096774,0,3875,0,1.02090322580645,-0.605119608770951
"2019-09-13",2019-09-13,0.00774193548387097,1605300,-0.453081232492998,3905,0.0665813060179258,0,3905,0,1.12175026443245,-0.541202832814283
"2019-09-17",2019-09-17,0.00640204865556978,811700,-0.449579831932774,3930,0.0725190839694656,0,3930,0,1.08918085731063,-0.488410214169517
"2019-09-18",2019-09-18,-0.00508905852417303,640000,-0.452380952380953,3910,0.0677749360613811,3645,3930,4439,-1.00623052959502,-0.53061033512371
"2019-09-19",2019-09-19,0.0191815856777494,977900,-0.441876750700281,3985,0.0188205771643664,3910,3985,4439,-0.976780185758514,-0.74565918542608
"2019-09-20",2019-09-20,0.00125470514429109,982400,-0.441176470588236,3990,0.0200501253132832,0,3990,0,1.06532999164578,-0.734865800461078
"2019-09-24",2019-09-24,-0.0112781954887218,732400,-0.44747899159664,3945,0.00887198986058302,3910,3990,4442,-1.01428571428571,-0.832633803159731
"2019-09-25",2019-09-25,-0.00253485424588086,830400,-0.448879551820729,3935,0.00635324015247773,3910,3990,0,-1.00312989045383,-0.854554210146752
"2019-09-26",2019-09-26,-0.00889453621346887,802700,-0.453781512605043,3900,0,3900,3945,4444,-1.01092043681747,-0.91750370623751
"2019-09-27",2019-09-27,-0.0166666666666667,908800,-0.462885154061626,3835,0,3835,3900,4445,-1.02006172839506,-0.968419691256448
"2019-09-30",2019-09-30,-0.00782268578878748,897500,-0.467086834733894,3805,0,3805,3835,4446,-1.00907715582451,-0.991919376649803
"2019-10-01",2019-10-01,0.00657030223390276,794600,-0.46358543417367,3830,0.00652741514360311,3805,3830,4446,-0.992503748125937,-0.935828961339727
"2019-10-02",2019-10-02,-0.00913838120104439,598200,-0.468487394957984,3795,0,0,3830,4448,-1.01057401812689,-0.999752605114255
"2019-10-03",2019-10-03,-0.0210803689064559,844500,-0.479691876750701,3715,0,3715,3795,4449,-1.02391629297459,-1.06241843282987
"2019-10-04",2019-10-04,0.0121130551816958,837600,-0.473389355742298,3760,0.011968085106383,3715,3760,4449,-0.986861313868613,-0.96023230086674
"2019-10-07",2019-10-07,0.00398936170212766,560300,-0.471288515406163,3775,0.0158940397350993,0,3775,0,1.32803532008829,-0.926524887892929
"2019-10-08",2019-10-08,0.00132450331125828,669400,-0.470588235294119,3780,0.0171957671957672,0,3780,0,1.08190035273369,-0.915327809441829
"2019-10-09",2019-10-09,-0.0357142857142857,1017600,-0.489495798319329,3645,0,0,3780,4453,-1.04017857142857,-1.11725103208103
"2019-10-10",2019-10-10,-0.0109739368998628,1259900,-0.495098039215687,3605,0,3605,3645,4454,-1.01144492131617,-1.14858394593884
"2019-10-11",2019-10-11,0.0166435506241331,1646500,-0.486694677871149,3665,0.0163710777626194,3605,3665,4454,-0.983026874115983,-1.01002236303286
"2019-10-15",2019-10-15,0.00682128240109141,1341700,-0.483193277310925,3690,0.0230352303523035,0,3690,0,1.40706865401987,-0.953167185425259
"2019-10-16",2019-10-16,0.00542005420054201,1415000,-0.480392156862746,3710,0.0283018867924528,0,3710,0,1.22863485016648,-0.908044713374776
"2019-10-17",2019-10-17,-0.00808625336927224,854000,-0.484593837535015,3680,0.0203804347826086,3605,3710,4458,-1.00874635568513,-0.975848486729528
"2019-10-18",2019-10-18,0.0122282608695652,903400,-0.478291316526611,3725,0.0120805369127517,3680,3725,4458,-0.986994219653179,-0.987019665959287
"2019-10-21",2019-10-21,0.0134228187919463,769700,-0.471288515406163,3775,0.0251655629139073,0,3775,0,2.0831493745401,-0.874669952971961
"2019-10-23",2019-10-23,0.0158940397350993,1049100,-0.462885154061626,3835,0.0404172099087353,0,3835,0,1.60605228847869,-0.742369262531312
"2019-10-24",2019-10-24,0.015645371577575,873600,-0.454481792717088,3895,0.055198973042362,0,3895,0,1.36572942979005,-0.612696597343159
"2019-10-25",2019-10-25,-0.0192554557124519,819800,-0.46498599439776,3820,0.0366492146596858,3680,3895,4463,-1.0231124807396,-0.775193220522075
"2019-10-28",2019-10-28,0.0117801047120419,489400,-0.458683473389357,3865,0.0478654592496766,3680,3895,0,1.30604324524118,-0.67721207627203
"2019-10-29",2019-10-29,0.0142302716688228,870100,-0.450980392156864,3920,0.0255102040816326,3820,3920,4463,-0.983206106870229,-0.759160587991804
"2019-10-30",2019-10-30,0.0038265306122449,1094000,-0.448879551820729,3935,0.0292249047013977,0,3935,0,1.14561626429479,-0.72663470287212
"2019-10-31",2019-10-31,-0.01143583227446,967200,-0.455182072829133,3890,0.0179948586118251,3820,3935,4467,-1.01404056162246,-0.82469303787592
"2019-11-01",2019-11-01,0.0102827763496144,595700,-0.449579831932774,3930,0.0279898218829516,3820,3935,0,1.55543438749546,-0.737459042829382
"2019-11-05",2019-11-05,0.0152671755725191,817100,-0.441176470588236,3990,0.025062656641604,3890,3990,4467,-0.981308411214953,-0.706831088061987
"2019-11-06",2019-11-06,0.0112781954887218,828500,-0.434873949579833,4035,0.0359355638166047,0,4035,0,1.43382899628253,-0.610770204266118
"2019-11-07",2019-11-07,-0.00371747211895911,581100,-0.436974789915967,4020,0.0323383084577115,3890,4035,4471,-1.0048309178744,-0.642639226835622
"2019-11-08",2019-11-08,0.00248756218905473,1366800,-0.435574229691878,4030,0.0347394540942928,3890,4035,0,1.07425081122352,-0.621376570614867
"2019-11-11",2019-11-11,-0.0086848635235732,812000,-0.440476190476191,3995,0.0262828535669587,3890,4035,0,-1.0112540192926,-0.696090003790183
"2019-11-12",2019-11-12,0.00375469336670839,1098500,-0.438375350140057,4010,0.029925187032419,3890,4035,0,1.13858211613823,-0.663968862745936
"2019-11-13",2019-11-13,-0.0199501246882793,690700,-0.449579831932774,3930,0.010178117048346,3890,4035,0,-1.02555910543131,-0.837078574293328
"2019-11-14",2019-11-14,-0.00636132315521628,778400,-0.453081232492998,3905,0.00384122919334184,3890,4035,0,-1.00778816199377,-0.892103384744265
"2019-11-15",2019-11-15,0.0665813060179257,2578900,-0.416666666666668,4165,0.0624249699879952,3905,4165,4471,16.2513005202082,-0.360784968942535
"2019-11-18",2019-11-18,-0.0156062424969988,1174300,-0.42577030812325,4100,0.0475609756097561,3905,4165,4478,-1.0218487394958,-0.494834161556852
"2019-11-19",2019-11-19,0.00853658536585366,748600,-0.420868347338937,4135,0.0556227327690447,3905,4165,0,1.16950361206709,-0.422329057774573
"2019-11-20",2019-11-20,0.00241837968561064,858800,-0.419467787114847,4145,0.0579010856453559,3905,4165,0,1.04096082236325,-0.401753172267731
"2019-11-21",2019-11-21,-0.0156815440289505,1113900,-0.42857142857143,4080,0.0428921568627451,3905,4165,0,-1.02170283806344,-0.536612972153536
"2019-11-22",2019-11-22,-0.00735294117647059,721500,-0.432773109243698,4050,0.0358024691358024,3905,4165,0,-1.00980392156863,-0.59976475015352
"2019-11-25",2019-11-25,0.0222222222222222,655800,-0.420168067226892,4140,0.0567632850241546,3905,4165,0,1.58545727136432,-0.412033420179943
"2019-11-26",2019-11-26,-0.0169082125603865,815200,-0.429971988795519,4070,0.0405405405405406,3905,4165,0,-1.02333333333333,-0.557598614627557
"2019-11-27",2019-11-27,-0.0208845208845209,962700,-0.441876750700281,3985,0.0200752823086575,3905,4165,0,-1.02768729641694,-0.738641713501841
"2019-11-28",2019-11-28,-0.00125470514429109,524300,-0.442577030812326,3980,0.0188442211055276,3905,4165,0,-1.00158478605388,-0.749443560865764
"2019-11-29",2019-11-29,-0.00251256281407035,835900,-0.443977591036416,3970,0.0163727959697733,3905,4165,0,-1.00316455696203,-0.77109928506312
"2019-12-02",2019-12-02,0.0188916876574307,629500,-0.433473389355743,4045,0.034610630407911,3905,4165,0,2.1139108110678,-0.610347229150271
"2019-12-03",2019-12-03,-0.00988875154511743,781800,-0.439075630252102,4005,0.0249687890137328,3905,4165,0,-1.01292407108239,-0.695606239979525
"2019-12-04",2019-12-04,0.00873907615480649,1029700,-0.434173669467788,4040,0.0334158415841584,3905,4165,0,1.33830445544555,-0.620946207812282
"2019-12-05",2019-12-05,0.0136138613861386,872000,-0.426470588235295,4095,0.0463980463980463,3905,4165,0,1.38850449961561,-0.50525495179424
"2019-12-06",2019-12-06,-0.0183150183150183,846900,-0.436974789915967,4020,0.0286069651741293,3905,4165,0,-1.02463054187192,-0.663508350431216
"2019-12-09",2019-12-09,0.00373134328358209,689700,-0.434873949579833,4035,0.0322180916976456,3905,4165,0,1.12623242282205,-0.631561747476598
"2019-12-10",2019-12-10,-0.00123915737298637,628300,-0.435574229691878,4030,0.0310173697270472,3905,4165,0,-1.00161030595813,-0.642193909784665
"2019-12-11",2019-12-11,0.00124069478908189,653400,-0.434873949579833,4035,0.0322180916976456,3905,4165,0,1.03871127633209,-0.631561747476598
"2019-12-12",2019-12-12,0.0223048327137546,1140100,-0.422268907563026,4125,0.0533333333333333,3905,4165,0,1.65538461538462,-0.442966725861013
"2019-12-13",2019-12-13,-0.00121212121212121,2034300,-0.422969187675071,4120,0.0521844660194175,3905,4165,0,-1.0016583747927,-0.453308868956943
"2019-12-16",2019-12-16,0.00485436893203883,702600,-0.420168067226892,4140,0.0567632850241546,3905,4165,0,1.08774295023031,-0.412033420179943
"2019-12-17",2019-12-17,-0.0628019323671498,2582700,-0.456582633053222,3880,0,3880,4145,4499,-1.08666666666667,-0.933170163166414
"2019-12-18",2019-12-18,0.00644329896907216,1262400,-0.453081232492998,3905,0.00640204865556981,3880,3905,4499,-0.992331288343559,-0.87778091323692
"2019-12-19",2019-12-19,-0.030729833546735,1261100,-0.469887955182074,3785,0,0,3905,4501,-1.0370942812983,-1.00758583357871
"2019-12-20",2019-12-20,-0.0171730515191546,1733100,-0.478991596638656,3720,0,3720,3785,4502,-1.0193740685544,-1.05850181859765
"2019-12-23",2019-12-23,0.0147849462365591,732300,-0.471288515406163,3775,0.0145695364238411,3720,3775,4502,-0.983918128654971,-0.933932735738782
"2019-12-24",2019-12-24,0.0132450331125828,825900,-0.464285714285715,3825,0.0274509803921569,0,3825,0,1.88413547237077,-0.822721641817642
"2019-12-25",2019-12-25,0,436500,-0.464285714285715,3825,0.0274509803921569,0,3825,0,-1,-0.822721641817642
"2019-12-26",2019-12-26,0.00522875816993464,521800,-0.461484593837536,3845,0.0325097529258778,0,3845,0,1.18428385658555,-0.778761848890218
"2019-12-27",2019-12-27,-0.0104031209362809,540900,-0.467086834733895,3805,0.0223390275952694,3720,3845,4507,-1.01213960546282,-0.866978867975011
"2019-12-30",2019-12-30,-0.00788436268068331,905700,-0.471288515406163,3775,0.0145695364238411,3720,3845,0,-1.00899550224888,-0.933932735738782
"2020-01-06",2020-01-06,-0.0264900662251656,1252300,-0.48529411764706,3675,0,3675,3805,4509,-1.0297176820208,-1.09375134668768
"2020-01-07",2020-01-07,0.0408163265306122,1482800,-0.464285714285715,3825,0.0392156862745098,3675,3825,4509,-0.956709956709957,-0.756922522716246
"2020-01-08",2020-01-08,-0.0222222222222222,1291800,-0.476190476190477,3740,0.017379679144385,3675,3825,4511,-1.02564102564103,-0.945632117541679
"2020-01-09",2020-01-09,0.00802139037433155,874000,-0.471988795518208,3770,0.0251989389920424,3675,3825,0,1.44990818200367,-0.878399897298257
"2020-01-10",2020-01-10,0.00397877984084881,1089900,-0.469887955182074,3785,0.0290620871862616,3675,3825,0,1.15330598623375,-0.845043756009868
"2020-01-14",2020-01-14,0.00396301188903567,800100,-0.467787114845939,3800,0.0328947368421053,3675,3825,0,1.13187799043062,-0.811858190762994
"2020-01-15",2020-01-15,-0.00789473684210526,577900,-0.471988795518208,3770,0.0251989389920424,3675,3825,0,-1.00898203592814,-0.878399897298257
"2020-01-16",2020-01-16,0.00530503978779841,823600,-0.469187675070029,3790,0.0303430079155673,3675,3825,0,1.20413831412304,-0.833963048049345
"2020-01-17",2020-01-17,0.0118733509234828,839000,-0.462885154061626,3835,0.0247718383311604,3740,3835,4511,-0.986567164179105,-0.829872654295881
"2020-01-20",2020-01-20,-0.00782268578878748,461300,-0.467086834733895,3805,0.0170827858081471,3740,3835,4518,-1.00907715582451,-0.896376634722021
"2020-01-21",2020-01-21,-0.00657030223390276,770900,-0.470588235294119,3780,0.0105820105820106,3740,3835,0,-1.00749625187406,-0.952318054968407
"2020-01-22",2020-01-22,0.00396825396825397,599600,-0.468487394957984,3795,0.0144927536231884,3740,3835,0,1.3695652173913,-0.91869571926471
"2020-01-23",2020-01-23,-0.00658761528326746,633000,-0.471988795518208,3770,0.00795755968169765,3740,3835,0,-1.00747384155456,-0.974829640808924
"2020-01-24",2020-01-24,-0.00397877984084881,782300,-0.474089635854343,3755,0.00399467376830898,3740,3835,0,-1.00445103857567,-1.00874360769263
"2020-01-27",2020-01-27,-0.0252996005326232,856800,-0.487394957983194,3660,0,3660,3805,4523,-1.02806499261448,-1.10550118938436
"2020-01-28",2020-01-28,0,768500,-0.487394957983194,3660,0,3660,3660,4523,-1,-1.10550118938436
"2020-01-29",2020-01-29,0.00546448087431694,1068800,-0.484593837535015,3680,0.00543478260869568,0,3680,0,-0.994252873563218,-1.05943840026187
"2020-01-30",2020-01-30,-0.0230978260869565,1733300,-0.496498599439777,3595,0,0,3680,4526,-1.02456647398844,-1.15641717440329
"2020-01-31",2020-01-31,0.0180806675938804,1249900,-0.487394957983194,3660,0.01775956284153,3595,3660,4526,-0.981664315937941,-1.00617328418348
"2020-02-03",2020-02-03,-0.00819672131147541,1155400,-0.491596638655463,3630,0.00964187327823696,3595,3660,4528,-1.00862068965517,-1.07507459948111
"2020-02-04",2020-02-04,0.00137741046831956,1007800,-0.490896358543418,3635,0.0110041265474553,3595,3660,0,1.14128512477893,-1.06353900471474
"2020-02-05",2020-02-05,0.0123796423658872,888200,-0.484593837535015,3680,0.0135869565217391,3630,3680,4528,1.23471467391304,-1.0138439019715
"2020-02-06",2020-02-06,0.0176630434782609,973200,-0.475490196078432,3745,0.0307076101468625,0,3745,0,2.26008010680908,-0.867173383159839
"2020-02-07",2020-02-07,-0.0226969292389853,853100,-0.487394957983194,3660,0.00819672131147542,3630,3745,4532,-1.02503681885125,-1.0596575408301
"2020-02-10",2020-02-10,-0.00273224043715847,1035400,-0.488795518207284,3650,0.0054794520547945,3630,3745,0,-1.00287356321839,-1.08268825278788
"2020-02-12",2020-02-12,-0.00958904109589041,902200,-0.493697478991597,3615,0,3615,3660,4534,-1.01002865329513,-1.14075071747439
"2020-02-13",2020-02-13,-0.0110650069156293,1728600,-0.499299719887956,3575,0,3575,3615,4535,-1.0113475177305,-1.1720836313322
"2020-02-14",2020-02-14,-0.013986013986014,1788200,-0.506302521008404,3525,0,3525,3575,4536,-1.0140252454418,-1.21124977365446
"2020-02-17",2020-02-17,0.00851063829787234,1181300,-0.502100840336135,3555,0.00843881856540085,3525,3555,4536,-0.991701244813278,-1.14055240789301
"2020-02-18",2020-02-18,-0.00281293952180028,1006200,-0.503501400560225,3545,0.00564174894217206,3525,3555,4538,-1.00278940027894,-1.16402943732573
"2020-02-19",2020-02-19,-0.0423131170662905,1616800,-0.524509803921569,3395,0,3395,3545,4539,-1.04172461752434,-1.31308174369233
"2020-02-20",2020-02-20,-0.00441826215022091,1169900,-0.526610644257704,3380,0,3380,3395,4540,-1.00400534045394,-1.32483158638901
"2020-02-21",2020-02-21,-0.0162721893491124,1090300,-0.534313725490197,3325,0,3325,3380,4541,-1.01462765957447,-1.3679143429435
"2020-02-25",2020-02-25,-0.0796992481203008,3562000,-0.571428571428572,3060,0,3060,3325,4542,-1.0694626474443,-1.57549489725147
"2020-02-26",2020-02-26,-0.0065359477124183,3049900,-0.574229691876751,3040,0,3040,3060,4543,-1.00490196078431,-1.59116135418037
"2020-02-27",2020-02-27,-0.0256578947368421,3108200,-0.58515406162465,2962,0,2962,3040,4544,-1.0190243902439,-1.6522605362031
"2020-02-28",2020-02-28,-0.0506414584740041,3201100,-0.606162464985995,2812,0,2812,2962,4545,-1.03590234561991,-1.76975896316988
"2020-03-02",2020-03-02,0.0113798008534851,2593200,-0.601680672268908,2844,0.0112517580872011,2812,2844,4545,-0.99260628465804,-1.68176239159285
"2020-03-03",2020-03-03,-0.00843881856540084,1977300,-0.605042016806723,2820,0.00283687943262412,2812,2844,4547,-1.00558659217877,-1.74762592614692
"2020-03-04",2020-03-04,-0.025886524822695,1732100,-0.615266106442578,2747,0,2747,2820,4548,-1.01689814814815,-1.82067494818882
"2020-03-05",2020-03-05,0.00946487076811067,2049400,-0.611624649859945,2773,0.0093761269383339,2747,2773,4548,-0.994081493284771,-1.7478685782656
"2020-03-06",2020-03-06,-0.0476018752253877,1803300,-0.630112044817928,2641,0,0,2773,4550,-1.03022670025189,-1.90370716991201
"2020-03-09",2020-03-09,-0.0950397576675502,2993300,-0.665266106442578,2390,0,2390,2641,4551,-1.05579017559458,-2.10032120436975
"2020-03-10",2020-03-10,0.0100418410041841,3193200,-0.661904761904762,2414,0.0099420049710025,2390,2414,4551,-0.994947368421053,-2.0259165666736
"2020-03-11",2020-03-11,-0.0356255178127589,2390700,-0.673949579831933,2328,0,0,2414,4553,-1.01819720694033,-2.14888722084935
"2020-03-12",2020-03-12,-0.0768900343642612,3851400,-0.699019607843138,2149,0,2149,2328,4554,-1.03719866999169,-2.28910201036304
"2020-03-13",2020-03-13,-0.0530479292694276,4067200,-0.71498599439776,2035,0,2035,2149,4555,-1.02284111400521,-2.37840081485779
"2020-03-16",2020-03-16,-0.00687960687960688,2545600,-0.716946778711485,2021,0,2021,2035,4556,-1.00274240940255,-2.38936733470803
"2020-03-17",2020-03-17,0.00445324096981692,3620400,-0.715686274509804,2030,0.00443349753694577,2021,2030,4556,-0.998241844110178,-2.35752120933013
"2020-03-18",2020-03-18,0.0221674876847291,2729100,-0.709383753501401,2075,0.0260240963855422,0,2075,0,5.86987951807234,-2.20151707850581
"2020-03-19",2020-03-19,-0.072289156626506,3906500,-0.730392156862746,1925,0,0,2075,4559,-1.02961500493583,-2.46456632796676
"2020-03-23",2020-03-23,0.0857142857142857,3446300,-0.707282913165266,2090,0.0789473684210527,1925,2090,4559,-0.968360498561841,-1.89377133801762
"2020-03-24",2020-03-24,0.054066985645933,2180900,-0.691456582633054,2203,0.126191556967771,0,2203,0,1.59842638825843,-1.54102264730139
"2020-03-25",2020-03-25,0.116659101225601,2768300,-0.65546218487395,2460,0.217479674796748,0,2460,0,1.72340907761596,-0.829141068071434
"2020-03-26",2020-03-26,-0.0963414634146341,3182000,-0.688655462184874,2223,0.134053081421503,1925,2460,4563,-1.05064102564103,-1.48138727274527
"2020-03-27",2020-03-27,-0.0107962213225371,2491500,-0.69201680672269,2199,0.124602091859936,1925,2460,0,-1.00488102501525,-1.5530456980219
"2020-03-30",2020-03-30,-0.0363801728058208,2527100,-0.703221288515407,2119,0.0915526191599811,1925,2460,0,-1.01619105444242,-1.80055475192344
"2020-03-31",2020-03-31,-0.0151014629542237,2338800,-0.707703081232493,2087,0.0776233828461907,1925,2460,0,-1.00637323242382,-1.90352625874191
"2020-04-01",2020-04-01,-0.0301868711068519,1658500,-0.716526610644258,2024,0.0489130434782609,1925,2460,0,-1.0124678408866,-2.11345037642647
"2020-04-02",2020-04-02,-0.0444664031620553,1604900,-0.729131652661065,1934,0.00465356773526371,1925,2460,0,-1.01759186864738,-2.43148936644774
"2020-04-03",2020-04-03,-0.0330920372285419,1723700,-0.738095238095238,1870,0,1870,2223,4569,-1.01229350749136,-2.50764908452125
"2020-04-06",2020-04-06,0.0390374331550802,2272200,-0.727871148459384,1943,0.0375707668553783,1870,1943,4569,-0.986148007590133,-2.24033603087168
"2020-04-07",2020-04-07,0.0349974266598044,2263800,-0.718347338935575,2011,0.0701143709597215,0,2011,0,1.86619483253067,-2.00505613630513
"2020-04-08",2020-04-08,0,2238000,-0.718347338935575,2011,0.0701143709597215,0,2011,0,-1,-2.00505613630513
"2020-04-09",2020-04-09,-0.0129288910989557,1505800,-0.721988795518208,1985,0.0579345088161209,1870,2011,4573,-1.00506921427179,-2.09354358729786
"2020-04-10",2020-04-10,-0.0246851385390428,2221700,-0.728851540616247,1936,0.0340909090909091,1870,2011,0,-1.00950533462658,-2.26528187471432
"2020-04-13",2020-04-13,-0.0263429752066116,1549400,-0.735994397759104,1885,0.00795755968169765,1870,2011,0,-1.0098001537279,-2.45139320635811
"2020-04-14",2020-04-14,0.0546419098143236,1572300,-0.721568627450981,1988,0.0593561368209256,1870,2011,0,7.45908786049628,-2.08324255977401
"2020-04-15",2020-04-15,-0.00150905432595573,1482500,-0.721988795518208,1985,0.0579345088161209,1870,2011,0,-1.00058229813665,-2.09354358729786
"2020-04-16",2020-04-16,-0.0367758186397985,1461200,-0.732212885154062,1912,0.0219665271966527,1870,2011,0,-1.01416100872939,-2.35189238313374
"2020-04-17",2020-04-17,0.0836820083682008,2436100,-0.709803921568628,2072,0.0902509652509652,1885,2072,4573,4.10856775142489,-1.84465097855636
"2020-04-20",2020-04-20,0.0265444015444015,2400400,-0.702100840336135,2127,0.113775270333804,0,2127,0,1.26065433225476,-1.6699985450884
"2020-04-21",2020-04-21,-0.0592383638928068,3063300,-0.719747899159664,2001,0.0579710144927537,1885,2127,4581,-1.02513464991023,-2.08080624823874
"2020-04-22",2020-04-22,-0.0384807596201899,1950300,-0.730532212885154,1924,0.0202702702702703,1885,2127,0,-1.01498345981709,-2.35197954695607
"2020-04-23",2020-04-23,0.0665280665280665,1565900,-0.712605042016807,2052,0.0813840155945419,1885,2127,0,4.01494476933073,-1.90990962098854
"2020-04-24",2020-04-24,-0.00682261208576998,1674100,-0.714565826330533,2038,0.0750736015701668,1885,2127,0,-1.00275157232704,-1.95616981397613
"2020-04-27",2020-04-27,0.0333660451422964,1549400,-0.705042016806723,2106,0.104938271604938,1885,2127,0,1.39780521262003,-1.7358729970718
"2020-04-28",2020-04-28,0.0113960113960114,1275500,-0.701680672268908,2130,0.0967136150234742,1924,2130,4581,-0.99523241954708,-1.76307313718473
"2020-04-30",2020-04-30,0.0694835680751174,3626400,-0.680952380952381,2278,0.155399473222125,0,2278,0,1.60680037846177,-1.31891574519048
"2020-05-01",2020-05-01,-0.0478489903424056,1902600,-0.696218487394958,2169,0.112955278930383,1924,2278,4588,-1.02241875771288,-1.64168513605904
"2020-05-07",2020-05-07,-0.0133702166897188,1753800,-0.700280112044818,2140,0.100934579439252,1924,2278,0,-1.00583383625025,-1.73163237079337
"2020-05-08",2020-05-08,0.0485981308411215,1645000,-0.685714285714286,2244,0.142602495543672,1924,2278,0,1.41282102066416,-1.41712125993382
"2020-05-11",2020-05-11,0.0508021390374332,1834600,-0.669747899159664,2358,0.09245122985581,2140,2358,4588,-0.97671568627451,-1.60831472928599
"2020-05-12",2020-05-12,-0.0292620865139949,1524600,-0.679411764705883,2289,0.0650939274792486,2140,2358,4592,-1.01442910915935,-1.81537134946701
"2020-05-13",2020-05-13,0.0017474879860201,1482800,-0.678851540616247,2293,0.0667248146532926,2140,2358,0,1.02505436739186,-1.80311662823173
"2020-05-14",2020-05-14,-0.0414304404709987,1159000,-0.692156862745098,2198,0.0263876251137397,2140,2358,0,-1.01959975242418,-2.10313517943596
"2020-05-15",2020-05-15,0.0236578707916288,1141100,-0.684873949579832,2250,0.0488888888888889,2140,2358,0,1.85272030651341,-1.93655450793961
"2020-05-18",2020-05-18,-0.00844444444444444,965200,-0.687535014005603,2231,0.0407888839085612,2140,2358,0,-1.0038854805726,-1.99674036337798
"2020-05-19",2020-05-19,0.0398924249215598,1808300,-0.675070028011205,2320,0.0775862068965517,2140,2358,0,1.90214096248579,-1.72121995782291
"2020-05-20",2020-05-20,-0.00301724137931034,1120600,-0.676050420168068,2313,0.0747946389969736,2140,2358,0,-1.00145228215768,-1.74231624798787
"2020-05-21",2020-05-21,0.0095114569822741,1064500,-0.672969187675071,2335,0.0835117773019272,2140,2358,0,1.1165476352564,-1.67632884353424
"2020-05-22",2020-05-22,-0.0364025695931477,1191600,-0.684873949579832,2250,0.0488888888888889,2140,2358,0,-1.01768990634755,-1.93655450793961
"2020-05-25",2020-05-25,0.0426666666666667,1196500,-0.671428571428572,2346,0.0878090366581415,2140,2358,0,1.79609393164381,-1.64367804240726
"2020-05-26",2020-05-26,0.0498721227621483,2140900,-0.655042016806723,2463,0.107592367032075,2198,2463,4592,1.22529948086042,-1.44138258389596
"2020-05-27",2020-05-27,0.0438489646772229,2950400,-0.639915966386555,2571,0.145079735511474,0,2571,0,1.34842033420664,-1.14711967149309
"2020-05-28",2020-05-28,0.164138467522365,5381600,-0.580812324929973,2993,0.265619779485466,0,2993,0,1.83085376154727,-0.142385989948982
"2020-05-29",2020-05-29,-0.0360841964584029,3728400,-0.595938375350141,2885,0.238128249566724,2198,2993,4605,-1.02604292259465,-0.380742925734308
"2020-06-01",2020-06-01,0.0114384748700173,1872400,-0.591316526610645,2918,0.246744345442084,2198,2993,0,1.0361825860268,-0.306704092712814
"2020-06-02",2020-06-02,0.0281014393420151,2085800,-0.57983193277311,3000,0.0383333333333333,2885,3000,4605,-0.980577925153955,-1.40809880496613
"2020-06-03",2020-06-03,0.0433333333333333,2392500,-0.561624649859945,3130,0.0782747603833865,0,3130,0,2.04195027087095,-1.08287742410683
"2020-06-04",2020-06-04,-0.0303514376996805,2727800,-0.574929971988796,3035,0.0494233937397035,2885,3130,4609,-1.02369077306733,-1.31865662787131
"2020-06-05",2020-06-05,0.00823723228995058,1578500,-0.571428571428572,3060,0.0571895424836601,2885,3130,0,1.15713507625272,-1.25563806828635
"2020-06-08",2020-06-08,0.0147058823529412,1524100,-0.565126050420169,3105,0.07085346215781,2885,3130,0,1.23892339544513,-1.14396726056366
"2020-06-09",2020-06-09,-0.00161030595813205,1302700,-0.565826330532213,3100,0.0693548387096774,2885,3130,0,-1.00123915737299,-1.15626556352979
"2020-06-10",2020-06-10,-0.0193548387096774,1581700,-0.574229691876751,3040,0.0509868421052632,2885,3130,0,-1.01485148514852,-1.30599576399587
"2020-06-11",2020-06-11,-0.0476973684210526,2231500,-0.594537815126051,2895,0.00345423143350609,2885,3130,0,-1.03536585365854,-1.68542390914768
"2020-06-12",2020-06-12,-0.0310880829015544,3652100,-0.607142857142858,2805,0,2805,3105,4615,-1.02120141342756,-1.77524222309499
"2020-06-15",2020-06-15,-0.0467023172905526,1916500,-0.625490196078432,2674,0,2674,2805,4616,-1.03021914648212,-1.87785751597931
"2020-06-16",2020-06-16,0.0987284966342558,2536000,-0.588515406162466,2938,0.089857045609258,2674,2938,4616,-0.940886699507389,-1.16849655659562
"2020-06-17",2020-06-17,-0.0285908781484003,1621800,-0.600280112044818,2854,0.0630693763139454,2674,2938,4618,-1.01999048072346,-1.38411710430195
"2020-06-18",2020-06-18,-0.0350385423966363,1781600,-0.614285714285715,2754,0.0290486564996368,2674,2938,0,-1.02333177788147,-1.65272472751951
"2020-06-19",2020-06-19,-0.00363108206245461,2102900,-0.615686274509804,2744,0.0255102040816326,2674,2938,0,-1.00227998176015,-1.68034825541135
"2020-06-22",2020-06-22,0.00364431486880466,1048300,-0.614285714285715,2754,0.0290486564996368,2674,2938,0,1.13870733478577,-1.65272472751951
"2020-06-23",2020-06-23,0.0130718954248366,1726500,-0.609243697478992,2790,0.0415770609318996,2674,2938,0,1.43129032258065,-1.55445467713943
"2020-06-24",2020-06-24,-0.0340501792114695,1777700,-0.622549019607844,2695,0.00779220779220779,2674,2938,0,-1.02183908045977,-1.81782650147447
"2020-06-25",2020-06-25,-0.0538033395176252,2592200,-0.642857142857143,2550,0,2550,2854,4624,-1.0326209223847,-1.97498954893852
"2020-06-26",2020-06-26,0.0164705882352941,1889300,-0.636974789915967,2592,0.0162037037037037,2550,2592,4624,-0.990849673202614,-1.8514638878477
"2020-06-29",2020-06-29,-0.056712962962963,1952700,-0.657563025210085,2445,0,0,2592,4626,-1.03232189973615,-2.05723844781526
"2020-06-30",2020-06-30,0.0449897750511247,1685800,-0.642156862745099,2555,0.0430528375733855,2445,2555,4626,-0.976570820021299,-1.73028163779903
"2020-07-01",2020-07-01,-0.0050880626223092,1035300,-0.643977591036415,2542,0.0381589299763966,2445,2555,4628,-1.00283533260633,-1.76783609355469
"2020-07-02",2020-07-02,0.0114083398898505,1237800,-0.639915966386555,2571,0.0112796577207313,2542,2571,4628,-0.993692909960853,-1.89545348811107
"2020-07-03",2020-07-03,-0.0058343057176196,843200,-0.64201680672269,2556,0.00547730829420967,2542,2571,4630,-1.00328299409061,-1.93965543669136
"2020-07-06",2020-07-06,0.0250391236306729,1175400,-0.633053221288516,2620,0.0244274809160305,2556,2620,4630,4.45976008724103,-1.78353587796537
"2020-07-07",2020-07-07,-0.0213740458015267,864900,-0.640896358543418,2564,0.00312012480499224,2556,2620,4632,-1.01238938053097,-1.94657240467762
"2020-07-08",2020-07-08,-0.0062402496099844,1306300,-0.643137254901961,2548,0,2548,2564,4633,-1.0034965034965,-1.97655619463141
"2020-07-09",2020-07-09,-0.0337519623233909,1198800,-0.655182072829132,2462,0,2462,2548,4634,-1.01872822299652,-2.0439219594257
"2020-07-10",2020-07-10,-0.0280259951259139,1814200,-0.664845938375351,2393,0,2393,2462,4635,-1.01474989311672,-2.09797123583041
"2020-07-13",2020-07-13,0.053489343919766,1140100,-0.646918767507003,2521,0.0507735025783419,2393,2521,4635,-0.973035601432484,-1.7137335133009
"2020-07-14",2020-07-14,-0.0154700515668386,922500,-0.652380952380953,2482,0.0358581788879936,2393,2521,4637,-1.00844338601429,-1.82770339290692
"2020-07-15",2020-07-15,0.0547945205479452,1986800,-0.633333333333334,2618,0.051948051948052,2482,2618,4637,1.44870859477601,-1.63118203051694
"2020-07-16",2020-07-16,0.00611153552330023,1684400,-0.631092436974791,2634,0.0577069096431283,0,2634,0,1.11085801063022,-1.58644000508768
"2020-07-17",2020-07-17,-0.0178435839028094,949200,-0.637675070028012,2587,0.0405875531503672,2482,2634,4640,-1.0104305370617,-1.71900345789915
"2020-07-20",2020-07-20,-0.00927715500579822,817600,-0.641036414565827,2563,0.0316035895435037,2482,2634,0,-1.00527124972546,-1.78804984198034
"2020-07-21",2020-07-21,-0.00390167772142021,851700,-0.642436974789917,2553,0.0278104191147669,2482,2634,0,-1.00218483722963,-1.81709798863384
"2020-07-22",2020-07-22,0.000783392087739914,1054800,-0.642156862745099,2555,0.0285714285714286,2482,2634,0,1.02736418511067,-1.81127507403147
"2020-07-27",2020-07-27,-0.000391389432485323,1117600,-0.642296918767508,2554,0.0281910728269381,2482,2634,0,-1.00021810250818,-1.81418569807719
"2020-07-28",2020-07-28,-0.0109631949882537,883700,-0.646218487394959,2526,0.0174188440221694,2482,2634,0,-1.00610553859573,-1.89636700689722
"2020-07-29",2020-07-29,-0.0281076801266825,1414000,-0.656162464985995,2455,0,2455,2587,4646,-1.01538794971825,-2.04940521935081
"2020-07-30",2020-07-30,-0.00162932790224033,2930500,-0.656722689075631,2451,0,2451,2455,4647,-1.0008537886873,-2.05253851073659
"2020-07-31",2020-07-31,-0.0420236638106895,1348100,-0.671148459383754,2348,0,2348,2451,4648,-1.02196630411602,-2.13322076392045
"2020-08-03",2020-08-03,0.0357751277683135,1149700,-0.659383753501401,2432,0.0345394736842105,2348,2432,4648,-0.982470784641069,-1.87424495469407
"2020-08-04",2020-08-04,0.0390625,1201500,-0.64607843137255,2527,0.0708349821923229,0,2527,0,2.05084138918725,-1.59683122287223
"2020-08-05",2020-08-05,0.0142461416699644,1074600,-0.641036414565827,2563,0.0838860710105346,0,2563,0,1.18424637678001,-1.49563783785825
"2020-08-06",2020-08-06,0.0074131876706984,1148100,-0.638375350140057,2582,0.0906274206041828,0,2582,0,1.08036315817916,-1.44305084026638
"2020-08-07",2020-08-07,-0.00116189000774593,986700,-0.638795518207284,2579,0.0895696006203955,2348,2582,4653,-1.00065818341378,-1.45131711676931
"2020-08-11",2020-08-11,0.0601008142690965,1658200,-0.617086834733894,2734,0.056693489392831,2579,2734,4653,-0.966016224512169,-1.51377570402183
"2020-08-12",2020-08-12,0.00621799561082663,1536300,-0.614705882352942,2751,0.0625227190112686,0,2751,0,1.10282008888263,-1.46785677084796
"2020-08-13",2020-08-13,0.0207197382769902,2124700,-0.606722689075631,2808,0.0815527065527065,0,2808,0,1.30436916120056,-1.31677407317793
"2020-08-14",2020-08-14,0.0224358974358974,2996600,-0.597899159663866,2871,0.101706722396378,0,2871,0,1.2471287182927,-1.154704832298
"2020-08-17",2020-08-17,-0.0438871473354232,1891500,-0.615546218487396,2745,0.0604735883424408,2579,2871,4658,-1.02951510892481,-1.4840173423259
"2020-08-18",2020-08-18,0.00327868852459016,1079000,-0.614285714285715,2754,0.0635439360929557,2579,2871,0,1.05077171430821,-1.45979521163579
"2020-08-19",2020-08-19,0.00762527233115468,709100,-0.611344537815127,2775,0.0706306306306306,2579,2871,0,1.11152432432432,-1.40371007993727
"2020-08-20",2020-08-20,-0.00396396396396396,623200,-0.612885154061625,2764,0.066931982633864,2579,2871,0,-1.00252004581901,-1.4330128925527
"2020-08-21",2020-08-21,-0.00506512301013025,920000,-0.614845938375351,2750,0.0621818181818182,2579,2871,0,-1.00319926873857,-1.4705467265081
"2020-08-24",2020-08-24,-0.00109090909090909,588400,-0.615266106442578,2747,0.0611576265016381,2579,2871,0,-1.00068337129841,-1.47862492242692
"2020-08-25",2020-08-25,0.0189297415362213,898300,-0.607983193277312,2799,0.0785994998213648,2579,2871,0,1.28519539291244,-1.34034104291889
"2020-08-26",2020-08-26,-0.00643086816720257,700300,-0.610504201680673,2781,0.0726357425386551,2579,2871,0,-1.00414651002073,-1.38779570209254
"2020-08-27",2020-08-27,-0.0111470693994966,840600,-0.614845938375351,2750,0.0621818181818182,2579,2871,0,-1.00711172287222,-1.4705467265081
"2020-08-28",2020-08-28,0.000727272727272727,1271100,-0.614565826330533,2752,0.0628633720930233,2579,2871,0,1.0109606623147,-1.46516820082213
"2020-08-31",2020-08-31,0.0116279069767442,1141900,-0.610084033613446,2784,0.0736350574712644,2579,2871,0,1.17135074081456,-1.37985663996021
"2020-09-01",2020-09-01,-0.0021551724137931,803800,-0.6109243697479,2778,0.0716342692584593,2579,2871,0,-1.00137741046832,-1.39574683570131
"2020-09-02",2020-09-02,0.00395968322534197,742300,-0.609383753501402,2789,0.07529580494801,2579,2871,0,1.05111430223906,-1.3666515894413
"2020-09-03",2020-09-03,0.019720329867336,915800,-0.601680672268908,2844,0.0931786216596343,2579,2871,0,1.23750083718438,-1.22355157801931
"2020-09-04",2020-09-04,-0.00843881856540084,732700,-0.605042016806724,2820,0.0854609929078014,2579,2871,0,-1.00558659217877,-1.28551544607488
"2020-09-07",2020-09-07,0.0468085106382979,2196500,-0.58655462184874,2952,0.0701219512195121,2745,2952,4658,-0.969444444444445,-1.26790694197478
"2020-09-08",2020-09-08,0.029810298102981,1242600,-0.574229691876752,3040,0.0970394736842105,0,3040,0,1.38386727688787,-1.04842684382922
"2020-09-09",2020-09-09,0,1280600,-0.574229691876752,3040,0.0970394736842105,0,3040,0,-1,-1.04842684382922
"2020-09-10",2020-09-10,0,1007800,-0.574229691876752,3040,0.0970394736842105,2745,3040,4658,-1,-1.04842684382922
